440
(1, 64.0226, 1)
(2, 61.9858, 1)
(3, 67.3427, 1)
(4, 69.0495, 1)
(5, 74.9434, 1)
(6, 78.9878, 1)
(7, 85.5951, 1)
(8, 96.9685, 1)
(9, 105.601, 1)
(10, 110.4, 1)
(11, 117.648, 1)
(12, 121.912, 1)
(13, 114.154, 1)
(14, 100.279, 1)
(15, 82.2704, 1)
(16, 66.6834, 1)
(17, 58.0884, 1)
(18, 38.43, 1)
(19, 14.8323, 1)
(20, 11.3845, 1)
(21, 9.61641, 1)
(22, 13.3, 1)
(1, 71.7516, 2)
(2, 69.8898, 2)
(3, 76.3044, 2)
(4, 81.156, 2)
(5, 83.6079, 2)
(6, 88.425, 2)
(7, 97.0924, 2)
(8, 106.673, 2)
(9, 112.497, 2)
(10, 121.684, 2)
(11, 127.735, 2)
(12, 130.453, 2)
(13, 115.966, 2)
(14, 95.6307, 2)
(15, 79.5419, 2)
(16, 68.6122, 2)
(17, 58.5769, 2)
(18, 37.6174, 2)
(19, 18.5584, 2)
(20, 16.41, 2)
(21, 14.3352, 2)
(22, 16.6696, 2)
(1, 79.1145, 3)
(2, 79.8061, 3)
(3, 84.4147, 3)
(4, 90.4674, 3)
(5, 94.1212, 3)
(6, 99.4856, 3)
(7, 108.645, 3)
(8, 117.25, 3)
(9, 124.69, 3)
(10, 134.191, 3)
(11, 139.085, 3)
(12, 148.681, 3)
(13, 131.692, 3)
(14, 97.3332, 3)
(15, 78.5179, 3)
(16, 64.4969, 3)
(17, 58.3392, 3)
(18, 40.1975, 3)
(19, 30.657, 3)
(20, 30.4159, 3)
(21, 18.1367, 3)
(22, 16.5854, 3)
(1, 90.9984, 4)
(2, 94.4965, 4)
(3, 95.5575, 4)
(4, 102.462, 4)
(5, 109.638, 4)
(6, 114.749, 4)
(7, 120.225, 4)
(8, 128.767, 4)
(9, 136.977, 4)
(10, 145.206, 4)
(11, 152.463, 4)
(12, 163.339, 4)
(13, 150.849, 4)
(14, 102.416, 4)
(15, 71.9388, 4)
(16, 58.3278, 4)
(17, 55.6797, 4)
(18, 40.5993, 4)
(19, 37.1161, 4)
(20, 33.3223, 4)
(21, 24.8492, 4)
(22, 22.8981, 4)
(1, 101.344, 5)
(2, 106.099, 5)
(3, 109.787, 5)
(4, 116.676, 5)
(5, 122.096, 5)
(6, 125.844, 5)
(7, 131.473, 5)
(8, 140.292, 5)
(9, 147.312, 5)
(10, 154.639, 5)
(11, 164.026, 5)
(12, 174.67, 5)
(13, 161.751, 5)
(14, 107.701, 5)
(15, 69.7904, 5)
(16, 56.7806, 5)
(17, 51.9236, 5)
(18, 45.1498, 5)
(19, 44.7177, 5)
(20, 40.5345, 5)
(21, 33.8784, 5)
(22, 0, 5)
(1, 108.569, 6)
(2, 114.335, 6)
(3, 121.232, 6)
(4, 126.55, 6)
(5, 128.628, 6)
(6, 137.492, 6)
(7, 143.069, 6)
(8, 150.326, 6)
(9, 158.211, 6)
(10, 164.617, 6)
(11, 174.943, 6)
(12, 185.547, 6)
(13, 169.471, 6)
(14, 101.798, 6)
(15, 73.0701, 6)
(16, 57.0829, 6)
(17, 51.6854, 6)
(18, 49.9361, 6)
(19, 46.0724, 6)
(20, 41.8937, 6)
(21, 39.8804, 6)
(22, 0, 6)
(1, 119.317, 7)
(2, 121.861, 7)
(3, 131.445, 7)
(4, 137.491, 7)
(5, 143.254, 7)
(6, 149.07, 7)
(7, 155.65, 7)
(8, 161.112, 7)
(9, 168.049, 7)
(10, 176.174, 7)
(11, 187.379, 7)
(12, 199.46, 7)
(13, 178.996, 7)
(14, 105.158, 7)
(15, 82.8736, 7)
(16, 66.1982, 7)
(17, 52.6273, 7)
(18, 52.2718, 7)
(19, 49.3661, 7)
(20, 51.7413, 7)
(21, 51.4601, 7)
(22, 0, 7)
(1, 130.955, 8)
(2, 134.029, 8)
(3, 141.246, 8)
(4, 147.886, 8)
(5, 154.237, 8)
(6, 160.379, 8)
(7, 167.288, 8)
(8, 171.891, 8)
(9, 177.358, 8)
(10, 185.443, 8)
(11, 196.558, 8)
(12, 206.07, 8)
(13, 189.308, 8)
(14, 120.037, 8)
(15, 110.708, 8)
(16, 72.7067, 8)
(17, 52.6671, 8)
(18, 49.1245, 8)
(19, 54.5057, 8)
(20, 55.0642, 8)
(21, 60.8475, 8)
(22, 0, 8)
(1, 141.123, 9)
(2, 146.318, 9)
(3, 149.901, 9)
(4, 158.333, 9)
(5, 165.372, 9)
(6, 171.815, 9)
(7, 177.497, 9)
(8, 181.324, 9)
(9, 184.375, 9)
(10, 195.564, 9)
(11, 208.416, 9)
(12, 219.803, 9)
(13, 202.326, 9)
(14, 144.402, 9)
(15, 120.526, 9)
(16, 77.6355, 9)
(17, 65.4935, 9)
(18, 61.565, 9)
(19, 62.1208, 9)
(20, 66.5567, 9)
(21, 54.9706, 9)
(22, 0, 9)
(1, 148.305, 10)
(2, 153.752, 10)
(3, 159.776, 10)
(4, 167.333, 10)
(5, 175.088, 10)
(6, 180.09, 10)
(7, 187.303, 10)
(8, 191.992, 10)
(9, 198.234, 10)
(10, 216.048, 10)
(11, 234.177, 10)
(12, 236.614, 10)
(13, 220.417, 10)
(14, 189.415, 10)
(15, 139.397, 10)
(16, 106.489, 10)
(17, 84.9602, 10)
(18, 82.3296, 10)
(19, 74.6268, 10)
(20, 75.8525, 10)
(21, 57.7681, 10)
(22, 0, 10)
(1, 155.986, 11)
(2, 165.703, 11)
(3, 172.719, 11)
(4, 177.219, 11)
(5, 183.919, 11)
(6, 191.429, 11)
(7, 197.966, 11)
(8, 205.062, 11)
(9, 214.145, 11)
(10, 229.298, 11)
(11, 248.494, 11)
(12, 252.681, 11)
(13, 234.178, 11)
(14, 216.126, 11)
(15, 174.196, 11)
(16, 142.811, 11)
(17, 128.479, 11)
(18, 104.435, 11)
(19, 92.7121, 11)
(20, 86.6504, 11)
(21, 76.1062, 11)
(22, 0, 11)
(1, 159.135, 12)
(2, 172.312, 12)
(3, 181.912, 12)
(4, 188.461, 12)
(5, 194.281, 12)
(6, 200.167, 12)
(7, 210.792, 12)
(8, 216.374, 12)
(9, 227.753, 12)
(10, 246.432, 12)
(11, 262.148, 12)
(12, 264.172, 12)
(13, 247.001, 12)
(14, 231.511, 12)
(15, 203.863, 12)
(16, 179.927, 12)
(17, 161.543, 12)
(18, 144.324, 12)
(19, 114.317, 12)
(20, 96.6784, 12)
(21, 85.3156, 12)
(22, 0, 12)
(1, 161.747, 13)
(2, 174.571, 13)
(3, 189.43, 13)
(4, 197.761, 13)
(5, 205.262, 13)
(6, 209.784, 13)
(7, 220.34, 13)
(8, 227.696, 13)
(9, 240.501, 13)
(10, 256.466, 13)
(11, 276.459, 13)
(12, 279.153, 13)
(13, 259.993, 13)
(14, 241.198, 13)
(15, 221.326, 13)
(16, 211.901, 13)
(17, 196.307, 13)
(18, 173.812, 13)
(19, 141.797, 13)
(20, 111.534, 13)
(21, 100.041, 13)
(22, 0, 13)
(1, 165.793, 14)
(2, 177.557, 14)
(3, 190.353, 14)
(4, 206, 14)
(5, 214.442, 14)
(6, 219.367, 14)
(7, 225.794, 14)
(8, 236.118, 14)
(9, 248.6, 14)
(10, 270.427, 14)
(11, 287.339, 14)
(12, 289.899, 14)
(13, 277.027, 14)
(14, 250.066, 14)
(15, 232.378, 14)
(16, 229.145, 14)
(17, 224.179, 14)
(18, 199.93, 14)
(19, 169.812, 14)
(20, 130.626, 14)
(21, 111.234, 14)
(22, 0, 14)
(1, 178.093, 15)
(2, 182.36, 15)
(3, 194.578, 15)
(4, 209.329, 15)
(5, 222.439, 15)
(6, 228.691, 15)
(7, 236.168, 15)
(8, 243.258, 15)
(9, 259.155, 15)
(10, 281.291, 15)
(11, 298.331, 15)
(12, 299.193, 15)
(13, 286.56, 15)
(14, 261.793, 15)
(15, 257.746, 15)
(16, 251.037, 15)
(17, 247.603, 15)
(18, 227.258, 15)
(19, 192.804, 15)
(20, 155.737, 15)
(21, 127.427, 15)
(22, 0, 15)
(1, 185.641, 16)
(2, 190.378, 16)
(3, 199.83, 16)
(4, 211.869, 16)
(5, 227.42, 16)
(6, 240.429, 16)
(7, 246.295, 16)
(8, 256.702, 16)
(9, 273.534, 16)
(10, 299.846, 16)
(11, 306.34, 16)
(12, 301.868, 16)
(13, 290.596, 16)
(14, 269.265, 16)
(15, 266.599, 16)
(16, 268.817, 16)
(17, 270.086, 16)
(18, 253.004, 16)
(19, 222.725, 16)
(20, 189.21, 16)
(21, 0, 16)
(22, 0, 16)
(1, 194.78, 17)
(2, 203.521, 17)
(3, 206.73, 17)
(4, 215.952, 17)
(5, 230.735, 17)
(6, 243.487, 17)
(7, 257.8, 17)
(8, 271.269, 17)
(9, 290.323, 17)
(10, 307.054, 17)
(11, 307.484, 17)
(12, 305.212, 17)
(13, 290.016, 17)
(14, 277.313, 17)
(15, 278.489, 17)
(16, 281.946, 17)
(17, 288.207, 17)
(18, 270.112, 17)
(19, 241.376, 17)
(20, 206.324, 17)
(21, 0, 17)
(22, 0, 17)
(1, 202.703, 18)
(2, 209.459, 18)
(3, 221.14, 18)
(4, 230.08, 18)
(5, 242.434, 18)
(6, 246.81, 18)
(7, 266.9, 18)
(8, 283.319, 18)
(9, 303.176, 18)
(10, 310.381, 18)
(11, 309.058, 18)
(12, 306.118, 18)
(13, 290.271, 18)
(14, 285.906, 18)
(15, 289.21, 18)
(16, 295.576, 18)
(17, 298.344, 18)
(18, 278.112, 18)
(19, 247.319, 18)
(20, 219.545, 18)
(21, 0, 18)
(22, 0, 18)
(1, 218.387, 19)
(2, 220.317, 19)
(3, 232.175, 19)
(4, 252.492, 19)
(5, 249.294, 19)
(6, 259, 19)
(7, 274.76, 19)
(8, 292.263, 19)
(9, 307.141, 19)
(10, 311.944, 19)
(11, 305.141, 19)
(12, 296.988, 19)
(13, 296.928, 19)
(14, 298.15, 19)
(15, 305.028, 19)
(16, 309.167, 19)
(17, 304.776, 19)
(18, 278.838, 19)
(19, 252.094, 19)
(20, 233.672, 19)
(21, 0, 19)
(22, 0, 19)
(1, 0, 20)
(2, 0, 20)
(3, 0, 20)
(4, 0, 20)
(5, 256.36, 20)
(6, 263.607, 20)
(7, 279.99, 20)
(8, 298.699, 20)
(9, 310.232, 20)
(10, 305.054, 20)
(11, 303.715, 20)
(12, 296.284, 20)
(13, 299.764, 20)
(14, 304.853, 20)
(15, 313.987, 20)
(16, 320.079, 20)
(17, 314.572, 20)
(18, 279.362, 20)
(19, 252.449, 20)
(20, 240.206, 20)
(21, 0, 20)
(22, 0, 20)
2772
0
1
24
0
24
23
1
2
25
1
25
24
2
3
26
2
26
25
3
4
27
3
27
26
4
5
28
4
28
27
5
6
29
5
29
28
6
7
30
6
30
29
7
8
31
7
31
30
8
9
32
8
32
31
9
10
33
9
33
32
10
11
34
10
34
33
11
12
35
11
35
34
12
13
36
12
36
35
13
14
37
13
37
36
14
15
38
14
38
37
15
16
39
15
39
38
16
17
40
16
40
39
17
18
41
17
41
40
18
19
42
18
42
41
19
20
43
19
43
42
20
21
44
20
44
43
21
22
45
21
45
44
23
24
47
23
47
46
24
25
48
24
48
47
25
26
49
25
49
48
26
27
50
26
50
49
27
28
51
27
51
50
28
29
52
28
52
51
29
30
53
29
53
52
30
31
54
30
54
53
31
32
55
31
55
54
32
33
56
32
56
55
33
34
57
33
57
56
34
35
58
34
58
57
35
36
59
35
59
58
36
37
60
36
60
59
37
38
61
37
61
60
38
39
62
38
62
61
39
40
63
39
63
62
40
41
64
40
64
63
41
42
65
41
65
64
42
43
66
42
66
65
43
44
67
43
67
66
44
45
68
44
68
67
46
47
70
46
70
69
47
48
71
47
71
70
48
49
72
48
72
71
49
50
73
49
73
72
50
51
74
50
74
73
51
52
75
51
75
74
52
53
76
52
76
75
53
54
77
53
77
76
54
55
78
54
78
77
55
56
79
55
79
78
56
57
80
56
80
79
57
58
81
57
81
80
58
59
82
58
82
81
59
60
83
59
83
82
60
61
84
60
84
83
61
62
85
61
85
84
62
63
86
62
86
85
63
64
87
63
87
86
64
65
88
64
88
87
65
66
89
65
89
88
66
67
90
66
90
89
67
68
91
67
91
90
69
70
93
69
93
92
70
71
94
70
94
93
71
72
95
71
95
94
72
73
96
72
96
95
73
74
97
73
97
96
74
75
98
74
98
97
75
76
99
75
99
98
76
77
100
76
100
99
77
78
101
77
101
100
78
79
102
78
102
101
79
80
103
79
103
102
80
81
104
80
104
103
81
82
105
81
105
104
82
83
106
82
106
105
83
84
107
83
107
106
84
85
108
84
108
107
85
86
109
85
109
108
86
87
110
86
110
109
87
88
111
87
111
110
88
89
112
88
112
111
89
90
113
89
113
112
90
91
114
90
114
113
92
93
116
92
116
115
93
94
117
93
117
116
94
95
118
94
118
117
95
96
119
95
119
118
96
97
120
96
120
119
97
98
121
97
121
120
98
99
122
98
122
121
99
100
123
99
123
122
100
101
124
100
124
123
101
102
125
101
125
124
102
103
126
102
126
125
103
104
127
103
127
126
104
105
128
104
128
127
105
106
129
105
129
128
106
107
130
106
130
129
107
108
131
107
131
130
108
109
132
108
132
131
109
110
133
109
133
132
110
111
134
110
134
133
111
112
135
111
135
134
112
113
136
112
136
135
113
114
137
113
137
136
115
116
139
115
139
138
116
117
140
116
140
139
117
118
141
117
141
140
118
119
142
118
142
141
119
120
143
119
143
142
120
121
144
120
144
143
121
122
145
121
145
144
122
123
146
122
146
145
123
124
147
123
147
146
124
125
148
124
148
147
125
126
149
125
149
148
126
127
150
126
150
149
127
128
151
127
151
150
128
129
152
128
152
151
129
130
153
129
153
152
130
131
154
130
154
153
131
132
155
131
155
154
132
133
156
132
156
155
133
134
157
133
157
156
134
135
158
134
158
157
135
136
159
135
159
158
136
137
160
136
160
159
138
139
162
138
162
161
139
140
163
139
163
162
140
141
164
140
164
163
141
142
165
141
165
164
142
143
166
142
166
165
143
144
167
143
167
166
144
145
168
144
168
167
145
146
169
145
169
168
146
147
170
146
170
169
147
148
171
147
171
170
148
149
172
148
172
171
149
150
173
149
173
172
150
151
174
150
174
173
151
152
175
151
175
174
152
153
176
152
176
175
153
154
177
153
177
176
154
155
178
154
178
177
155
156
179
155
179
178
156
157
180
156
180
179
157
158
181
157
181
180
158
159
182
158
182
181
159
160
183
159
183
182
161
162
185
161
185
184
162
163
186
162
186
185
163
164
187
163
187
186
164
165
188
164
188
187
165
166
189
165
189
188
166
167
190
166
190
189
167
168
191
167
191
190
168
169
192
168
192
191
169
170
193
169
193
192
170
171
194
170
194
193
171
172
195
171
195
194
172
173
196
172
196
195
173
174
197
173
197
196
174
175
198
174
198
197
175
176
199
175
199
198
176
177
200
176
200
199
177
178
201
177
201
200
178
179
202
178
202
201
179
180
203
179
203
202
180
181
204
180
204
203
181
182
205
181
205
204
182
183
206
182
206
205
184
185
208
184
208
207
185
186
209
185
209
208
186
187
210
186
210
209
187
188
211
187
211
210
188
189
212
188
212
211
189
190
213
189
213
212
190
191
214
190
214
213
191
192
215
191
215
214
192
193
216
192
216
215
193
194
217
193
217
216
194
195
218
194
218
217
195
196
219
195
219
218
196
197
220
196
220
219
197
198
221
197
221
220
198
199
222
198
222
221
199
200
223
199
223
222
200
201
224
200
224
223
201
202
225
201
225
224
202
203
226
202
226
225
203
204
227
203
227
226
204
205
228
204
228
227
205
206
229
205
229
228
207
208
231
207
231
230
208
209
232
208
232
231
209
210
233
209
233
232
210
211
234
210
234
233
211
212
235
211
235
234
212
213
236
212
236
235
213
214
237
213
237
236
214
215
238
214
238
237
215
216
239
215
239
238
216
217
240
216
240
239
217
218
241
217
241
240
218
219
242
218
242
241
219
220
243
219
243
242
220
221
244
220
244
243
221
222
245
221
245
244
222
223
246
222
246
245
223
224
247
223
247
246
224
225
248
224
248
247
225
226
249
225
249
248
226
227
250
226
250
249
227
228
251
227
251
250
228
229
252
228
252
251
230
231
254
230
254
253
231
232
255
231
255
254
232
233
256
232
256
255
233
234
257
233
257
256
234
235
258
234
258
257
235
236
259
235
259
258
236
237
260
236
260
259
237
238
261
237
261
260
238
239
262
238
262
261
239
240
263
239
263
262
240
241
264
240
264
263
241
242
265
241
265
264
242
243
266
242
266
265
243
244
267
243
267
266
244
245
268
244
268
267
245
246
269
245
269
268
246
247
270
246
270
269
247
248
271
247
271
270
248
249
272
248
272
271
249
250
273
249
273
272
250
251
274
250
274
273
251
252
275
251
275
274
253
254
277
253
277
276
254
255
278
254
278
277
255
256
279
255
279
278
256
257
280
256
280
279
257
258
281
257
281
280
258
259
282
258
282
281
259
260
283
259
283
282
260
261
284
260
284
283
261
262
285
261
285
284
262
263
286
262
286
285
263
264
287
263
287
286
264
265
288
264
288
287
265
266
289
265
289
288
266
267
290
266
290
289
267
268
291
267
291
290
268
269
292
268
292
291
269
270
293
269
293
292
270
271
294
270
294
293
271
272
295
271
295
294
272
273
296
272
296
295
273
274
297
273
297
296
274
275
298
274
298
297
276
277
300
276
300
299
277
278
301
277
301
300
278
279
302
278
302
301
279
280
303
279
303
302
280
281
304
280
304
303
281
282
305
281
305
304
282
283
306
282
306
305
283
284
307
283
307
306
284
285
308
284
308
307
285
286
309
285
309
308
286
287
310
286
310
309
287
288
311
287
311
310
288
289
312
288
312
311
289
290
313
289
313
312
290
291
314
290
314
313
291
292
315
291
315
314
292
293
316
292
316
315
293
294
317
293
317
316
294
295
318
294
318
317
295
296
319
295
319
318
296
297
320
296
320
319
297
298
321
297
321
320
299
300
323
299
323
322
300
301
324
300
324
323
301
302
325
301
325
324
302
303
326
302
326
325
303
304
327
303
327
326
304
305
328
304
328
327
305
306
329
305
329
328
306
307
330
306
330
329
307
308
331
307
331
330
308
309
332
308
332
331
309
310
333
309
333
332
310
311
334
310
334
333
311
312
335
311
335
334
312
313
336
312
336
335
313
314
337
313
337
336
314
315
338
314
338
337
315
316
339
315
339
338
316
317
340
316
340
339
317
318
341
317
341
340
318
319
342
318
342
341
319
320
343
319
343
342
320
321
344
320
344
343
322
323
346
322
346
345
323
324
347
323
347
346
324
325
348
324
348
347
325
326
349
325
349
348
326
327
350
326
350
349
327
328
351
327
351
350
328
329
352
328
352
351
329
330
353
329
353
352
330
331
354
330
354
353
331
332
355
331
355
354
332
333
356
332
356
355
333
334
357
333
357
356
334
335
358
334
358
357
335
336
359
335
359
358
336
337
360
336
360
359
337
338
361
337
361
360
338
339
362
338
362
361
339
340
363
339
363
362
340
341
364
340
364
363
341
342
365
341
365
364
342
343
366
342
366
365
343
344
367
343
367
366
345
346
369
345
369
368
346
347
370
346
370
369
347
348
371
347
371
370
348
349
372
348
372
371
349
350
373
349
373
372
350
351
374
350
374
373
351
352
375
351
375
374
352
353
376
352
376
375
353
354
377
353
377
376
354
355
378
354
378
377
355
356
379
355
379
378
356
357
380
356
380
379
357
358
381
357
381
380
358
359
382
358
382
381
359
360
383
359
383
382
360
361
384
360
384
383
361
362
385
361
385
384
362
363
386
362
386
385
363
364
387
363
387
386
364
365
388
364
388
387
365
366
389
365
389
388
366
367
390
366
390
389
368
369
392
368
392
391
369
370
393
369
393
392
370
371
394
370
394
393
371
372
395
371
395
394
372
373
396
372
396
395
373
374
397
373
397
396
374
375
398
374
398
397
375
376
399
375
399
398
376
377
400
376
400
399
377
378
401
377
401
400
378
379
402
378
402
401
379
380
403
379
403
402
380
381
404
380
404
403
381
382
405
381
405
404
382
383
406
382
406
405
383
384
407
383
407
406
384
385
408
384
408
407
385
386
409
385
409
408
386
387
410
386
410
409
387
388
411
387
411
410
388
389
412
388
412
411
389
390
413
389
413
412
391
392
415
391
415
414
392
393
416
392
416
415
393
394
417
393
417
416
394
395
418
394
418
417
395
396
419
395
419
418
396
397
420
396
420
419
397
398
421
397
421
420
398
399
422
398
422
421
399
400
423
399
423
422
400
401
424
400
424
423
401
402
425
401
425
424
402
403
426
402
426
425
403
404
427
403
427
426
404
405
428
404
428
427
405
406
429
405
429
428
406
407
430
406
430
429
407
408
431
407
431
430
408
409
432
408
432
431
409
410
433
409
433
432
410
411
434
410
434
433
411
412
435
411
435
434
412
413
436
412
436
435
414
415
438
414
438
437
415
416
439
415
439
438
416
417
440
416
440
439
417
418
441
417
441
440
418
419
442
418
442
441
419
420
443
419
443
442
420
421
444
420
444
443
421
422
445
421
445
444
422
423
446
422
446
445
423
424
447
423
447
446
424
425
448
424
448
447
425
426
449
425
449
448
426
427
450
426
450
449
427
428
451
427
451
450
428
429
452
428
452
451
429
430
453
429
453
452
430
431
454
430
454
453
431
432
455
431
455
454
432
433
456
432
456
455
433
434
457
433
457
456
434
435
458
434
458
457
435
436
459
435
459
458
437
438
461
437
461
460
438
439
462
438
462
461
439
440
463
439
463
462
440
441
464
440
464
463
441
442
465
441
465
464
442
443
466
442
466
465
443
444
467
443
467
466
444
445
468
444
468
467
445
446
469
445
469
468
446
447
470
446
470
469
447
448
471
447
471
470
448
449
472
448
472
471
449
450
473
449
473
472
450
451
474
450
474
473
451
452
475
451
475
474
452
453
476
452
476
475
453
454
477
453
477
476
454
455
478
454
478
477
455
456
479
455
479
478
456
457
480
456
480
479
457
458
481
457
481
480
458
459
482
458
482
481
460
461
484
460
484
483
461
462
485
461
485
484
462
463
486
462
486
485
463
464
487
463
487
486
464
465
488
464
488
487
465
466
489
465
489
488
466
467
490
466
490
489
467
468
491
467
491
490
468
469
492
468
492
491
469
470
493
469
493
492
470
471
494
470
494
493
471
472
495
471
495
494
472
473
496
472
496
495
473
474
497
473
497
496
474
475
498
474
498
497
475
476
499
475
499
498
476
477
500
476
500
499
477
478
501
477
501
500
478
479
502
478
502
501
479
480
503
479
503
502
480
481
504
480
504
503
481
482
505
481
505
504
