104
(-5.750000, 0.446473, 5.978813) (1.000000, 0.000000, 0.000000) (0.000000, 0.000000) 
(-5.650000, 0.499314, 5.737693) (1.000000, 0.000000, 0.000000) (0.000000, 0.000000) 
(-5.550000, 0.517790, 5.501233) (1.000000, 0.000000, 0.000000) (0.000000, 0.000000) 
(-5.450000, 0.489565, 5.269432) (1.000000, 0.000000, 0.000000) (0.000000, 0.000000) 
(-5.350000, 0.409158, 5.042292) (1.000000, 0.000000, 0.000000) (0.000000, 0.000000) 
(-5.250000, 0.279101, 4.819812) (1.000000, 0.000000, 0.000000) (0.000000, 0.000000) 
(-5.150000, 0.109613, 4.601993) (1.000000, 0.000000, 0.000000) (0.000000, 0.000000) 
(-5.050000, -0.083057, 4.388833) (1.000000, 0.000000, 0.000000) (0.000000, 0.000000) 
(-4.950000, -0.279200, 4.180332) (1.000000, 0.000000, 0.000000) (0.000000, 0.000000) 
(-4.850000, -0.458621, 3.976492) (1.000000, 0.000000, 0.000000) (0.000000, 0.000000) 
(-4.750000, -0.603507, 3.777313) (1.000000, 0.000000, 0.000000) (0.000000, 0.000000) 
(-4.650000, -0.700725, 3.582793) (1.000000, 0.000000, 0.000000) (0.000000, 0.000000) 
(-4.550000, -0.743262, 3.392933) (1.000000, 0.000000, 0.000000) (0.000000, 0.000000) 
(-4.450000, -0.730678, 3.207732) (1.000000, 0.000000, 0.000000) (0.000000, 0.000000) 
(-4.350000, -0.668608, 3.027192) (1.000000, 0.000000, 0.000000) (0.000000, 0.000000) 
(-4.250000, -0.567495, 2.851312) (1.000000, 0.000000, 0.000000) (0.000000, 0.000000) 
(-4.150000, -0.440817, 2.680093) (1.000000, 0.000000, 0.000000) (0.000000, 0.000000) 
(-4.050000, -0.303119, 2.513533) (1.000000, 0.000000, 0.000000) (0.000000, 0.000000) 
(-3.950000, -0.168126, 2.351632) (1.000000, 0.000000, 0.000000) (0.000000, 0.000000) 
(-3.850000, -0.047197, 2.194392) (1.000000, 0.000000, 0.000000) (0.000000, 0.000000) 
(-3.750000, 0.051754, 2.041812) (1.000000, 0.000000, 0.000000) (0.000000, 0.000000) 
(-3.650000, 0.124764, 1.893892) (1.000000, 0.000000, 0.000000) (0.000000, 0.000000) 
(-3.550000, 0.171788, 1.750632) (1.000000, 0.000000, 0.000000) (0.000000, 0.000000) 
(-3.450000, 0.196202, 1.612033) (1.000000, 0.000000, 0.000000) (0.000000, 0.000000) 
(-3.350000, 0.203963, 1.478092) (1.000000, 0.000000, 0.000000) (0.000000, 0.000000) 
(-3.250000, 0.202577, 1.348812) (1.000000, 0.000000, 0.000000) (0.000000, 0.000000) 
(-3.150000, 0.200024, 1.224192) (1.000000, 0.000000, 0.000000) (0.000000, 0.000000) 
(-3.050000, 0.203763, 1.104232) (1.000000, 0.000000, 0.000000) (0.000000, 0.000000) 
(-2.950000, 0.219928, 0.988933) (1.000000, 0.000000, 0.000000) (0.000000, 0.000000) 
(-2.850000, 0.252765, 0.878292) (1.000000, 0.000000, 0.000000) (0.000000, 0.000000) 
(-2.750000, 0.304340, 0.772313) (1.000000, 0.000000, 0.000000) (0.000000, 0.000000) 
(-2.650000, 0.374508, 0.670992) (1.000000, 0.000000, 0.000000) (0.000000, 0.000000) 
(-2.550000, 0.461111, 0.574332) (1.000000, 0.000000, 0.000000) (0.000000, 0.000000) 
(-2.450000, 0.560341, 0.482333) (1.000000, 0.000000, 0.000000) (0.000000, 0.000000) 
(-2.350000, 0.667217, 0.394992) (1.000000, 0.000000, 0.000000) (0.000000, 0.000000) 
(-2.250000, 0.776112, 0.312313) (1.000000, 0.000000, 0.000000) (0.000000, 0.000000) 
(-2.150000, 0.881264, 0.234292) (1.000000, 0.000000, 0.000000) (0.000000, 0.000000) 
(-2.050000, 0.977237, 0.160932) (1.000000, 0.000000, 0.000000) (0.000000, 0.000000) 
(-1.950000, 1.059298, 0.092233) (1.000000, 0.000000, 0.000000) (0.000000, 0.000000) 
(-1.850000, 1.123683, 0.028192) (1.000000, 0.000000, 0.000000) (0.000000, 0.000000) 
(-1.750000, 1.167758, -0.031188) (1.000000, 0.000000, 0.000000) (0.000000, 0.000000) 
(-1.650000, 1.190075, -0.085907) (1.000000, 0.000000, 0.000000) (0.000000, 0.000000) 
(-1.550000, 1.190342, -0.135968) (1.000000, 0.000000, 0.000000) (0.000000, 0.000000) 
(-1.450000, 1.169315, -0.181368) (1.000000, 0.000000, 0.000000) (0.000000, 0.000000) 
(-1.350000, 1.128650, -0.222108) (1.000000, 0.000000, 0.000000) (0.000000, 0.000000) 
(-1.250000, 1.070722, -0.258188) (1.000000, 0.000000, 0.000000) (0.000000, 0.000000) 
(-1.150000, 0.998443, -0.289607) (1.000000, 0.000000, 0.000000) (0.000000, 0.000000) 
(-1.050000, 0.915081, -0.316368) (1.000000, 0.000000, 0.000000) (0.000000, 0.000000) 
(-0.950000, 0.824106, -0.338468) (1.000000, 0.000000, 0.000000) (0.000000, 0.000000) 
(-0.850000, 0.729050, -0.355907) (1.000000, 0.000000, 0.000000) (0.000000, 0.000000) 
(-0.750000, 0.633409, -0.368688) (1.000000, 0.000000, 0.000000) (0.000000, 0.000000) 
(-0.650000, 0.540556, -0.376807) (1.000000, 0.000000, 0.000000) (0.000000, 0.000000) 
(-0.550000, 0.453686, -0.380268) (1.000000, 0.000000, 0.000000) (0.000000, 0.000000) 
(-0.450000, 0.375764, -0.379067) (1.000000, 0.000000, 0.000000) (0.000000, 0.000000) 
(-0.350000, 0.309485, -0.373207) (1.000000, 0.000000, 0.000000) (0.000000, 0.000000) 
(-0.250000, 0.257227, -0.362687) (1.000000, 0.000000, 0.000000) (0.000000, 0.000000) 
(-0.150000, 0.220997, -0.347508) (1.000000, 0.000000, 0.000000) (0.000000, 0.000000) 
(-0.050000, 0.202365, -0.327667) (1.000000, 0.000000, 0.000000) (0.000000, 0.000000) 
(0.050000, 0.202384, -0.303167) (1.000000, 0.000000, 0.000000) (0.000000, 0.000000) 
(0.150000, 0.221499, -0.274007) (1.000000, 0.000000, 0.000000) (0.000000, 0.000000) 
(0.250000, 0.259452, -0.240187) (1.000000, 0.000000, 0.000000) (0.000000, 0.000000) 
(0.350000, 0.315195, -0.201708) (1.000000, 0.000000, 0.000000) (0.000000, 0.000000) 
(0.450000, 0.386822, -0.158567) (1.000000, 0.000000, 0.000000) (0.000000, 0.000000) 
(0.550000, 0.471528, -0.110767) (1.000000, 0.000000, 0.000000) (0.000000, 0.000000) 
(0.650000, 0.565628, -0.058307) (1.000000, 0.000000, 0.000000) (0.000000, 0.000000) 
(0.750000, 0.664631, -0.001187) (1.000000, 0.000000, 0.000000) (0.000000, 0.000000) 
(0.850000, 0.763386, 0.060592) (1.000000, 0.000000, 0.000000) (0.000000, 0.000000) 
(0.950000, 0.856314, 0.127033) (1.000000, 0.000000, 0.000000) (0.000000, 0.000000) 
(1.050000, 0.937703, 0.198133) (1.000000, 0.000000, 0.000000) (0.000000, 0.000000) 
(1.150000, 1.002083, 0.273893) (1.000000, 0.000000, 0.000000) (0.000000, 0.000000) 
(1.250000, 1.044633, 0.354313) (1.000000, 0.000000, 0.000000) (0.000000, 0.000000) 
(1.350000, 1.061602, 0.439392) (1.000000, 0.000000, 0.000000) (0.000000, 0.000000) 
(1.450000, 1.050710, 0.529133) (1.000000, 0.000000, 0.000000) (0.000000, 0.000000) 
(1.550000, 1.011470, 0.623533) (1.000000, 0.000000, 0.000000) (0.000000, 0.000000) 
(1.650000, 0.945398, 0.722593) (1.000000, 0.000000, 0.000000) (0.000000, 0.000000) 
(1.750000, 0.856064, 0.826312) (1.000000, 0.000000, 0.000000) (0.000000, 0.000000) 
(1.850000, 0.748947, 0.934692) (1.000000, 0.000000, 0.000000) (0.000000, 0.000000) 
(1.950000, 0.631083, 1.047733) (1.000000, 0.000000, 0.000000) (0.000000, 0.000000) 
(2.050000, 0.510518, 1.165433) (1.000000, 0.000000, 0.000000) (0.000000, 0.000000) 
(2.150000, 0.395580, 1.287793) (1.000000, 0.000000, 0.000000) (0.000000, 0.000000) 
(2.250000, 0.294050, 1.414812) (1.000000, 0.000000, 0.000000) (0.000000, 0.000000) 
(2.350000, 0.212301, 1.546493) (1.000000, 0.000000, 0.000000) (0.000000, 0.000000) 
(2.450000, 0.154525, 1.682832) (1.000000, 0.000000, 0.000000) (0.000000, 0.000000) 
(2.550000, 0.122140, 1.823833) (1.000000, 0.000000, 0.000000) (0.000000, 0.000000) 
(2.650001, 0.113500, 1.969493) (1.000000, 0.000000, 0.000000) (0.000000, 0.000000) 
(2.750000, 0.123985, 2.119812) (1.000000, 0.000000, 0.000000) (0.000000, 0.000000) 
(2.850000, 0.146507, 2.274793) (1.000000, 0.000000, 0.000000) (0.000000, 0.000000) 
(2.950000, 0.172434, 2.434432) (1.000000, 0.000000, 0.000000) (0.000000, 0.000000) 
(3.050000, 0.192837, 2.598733) (1.000000, 0.000000, 0.000000) (0.000000, 0.000000) 
(3.150001, 0.199934, 2.767694) (1.000000, 0.000000, 0.000000) (0.000000, 0.000000) 
(3.250000, 0.188528, 2.941313) (1.000000, 0.000000, 0.000000) (0.000000, 0.000000) 
(3.350000, 0.157202, 3.119593) (1.000000, 0.000000, 0.000000) (0.000000, 0.000000) 
(3.450000, 0.109053, 3.302532) (1.000000, 0.000000, 0.000000) (0.000000, 0.000000) 
(3.550000, 0.051757, 3.490133) (1.000000, 0.000000, 0.000000) (0.000000, 0.000000) 
(3.650001, -0.003146, 3.682394) (1.000000, 0.000000, 0.000000) (0.000000, 0.000000) 
(3.750000, -0.041746, 3.879313) (1.000000, 0.000000, 0.000000) (0.000000, 0.000000) 
(3.850000, -0.049904, 4.080893) (1.000000, 0.000000, 0.000000) (0.000000, 0.000000) 
(3.950000, -0.015766, 4.287132) (1.000000, 0.000000, 0.000000) (0.000000, 0.000000) 
(4.050000, 0.067738, 4.498033) (1.000000, 0.000000, 0.000000) (0.000000, 0.000000) 
(4.150001, 0.200862, 4.713594) (1.000000, 0.000000, 0.000000) (0.000000, 0.000000) 
(4.250000, 0.375916, 4.933813) (1.000000, 0.000000, 0.000000) (0.000000, 0.000000) 
(4.350000, 0.577389, 5.158693) (1.000000, 0.000000, 0.000000) (0.000000, 0.000000) 
(4.450000, 0.783466, 5.388232) (1.000000, 0.000000, 0.000000) (0.000000, 0.000000) 
(4.550000, 0.968893, 5.622433) (1.000000, 0.000000, 0.000000) (0.000000, 0.000000) 
