1001
(0.000000, 0.050000, 0.000000) (1.000000, 0.000000, 0.000000) (0.000000, 0.000000) 
(0.005000, 0.050025, 0.058801) (1.000000, 0.000000, 0.000000) (0.000000, 0.000000) 
(0.010000, 0.050099, 0.117206) (1.000000, 0.000000, 0.000000) (0.000000, 0.000000) 
(0.015000, 0.050222, 0.175215) (1.000000, 0.000000, 0.000000) (0.000000, 0.000000) 
(0.020000, 0.050389, 0.232829) (1.000000, 0.000000, 0.000000) (0.000000, 0.000000) 
(0.025000, 0.050599, 0.290049) (1.000000, 0.000000, 0.000000) (0.000000, 0.000000) 
(0.030000, 0.050846, 0.346876) (1.000000, 0.000000, 0.000000) (0.000000, 0.000000) 
(0.035000, 0.051126, 0.403311) (1.000000, 0.000000, 0.000000) (0.000000, 0.000000) 
(0.040000, 0.051433, 0.459354) (1.000000, 0.000000, 0.000000) (0.000000, 0.000000) 
(0.045000, 0.051761, 0.515006) (1.000000, 0.000000, 0.000000) (0.000000, 0.000000) 
(0.050000, 0.052103, 0.570269) (1.000000, 0.000000, 0.000000) (0.000000, 0.000000) 
(0.055000, 0.052450, 0.625143) (1.000000, 0.000000, 0.000000) (0.000000, 0.000000) 
(0.060000, 0.052797, 0.679628) (1.000000, 0.000000, 0.000000) (0.000000, 0.000000) 
(0.065000, 0.053133, 0.733727) (1.000000, 0.000000, 0.000000) (0.000000, 0.000000) 
(0.070000, 0.053452, 0.787439) (1.000000, 0.000000, 0.000000) (0.000000, 0.000000) 
(0.075000, 0.053744, 0.840766) (1.000000, 0.000000, 0.000000) (0.000000, 0.000000) 
(0.080000, 0.054001, 0.893709) (1.000000, 0.000000, 0.000000) (0.000000, 0.000000) 
(0.085000, 0.054214, 0.946267) (1.000000, 0.000000, 0.000000) (0.000000, 0.000000) 
(0.090000, 0.054375, 0.998443) (1.000000, 0.000000, 0.000000) (0.000000, 0.000000) 
(0.095000, 0.054475, 1.050237) (1.000000, 0.000000, 0.000000) (0.000000, 0.000000) 
(0.100000, 0.054506, 1.101650) (1.000000, 0.000000, 0.000000) (0.000000, 0.000000) 
(0.105000, 0.054460, 1.152683) (1.000000, 0.000000, 0.000000) (0.000000, 0.000000) 
(0.110000, 0.054329, 1.203336) (1.000000, 0.000000, 0.000000) (0.000000, 0.000000) 
(0.115000, 0.054107, 1.253610) (1.000000, 0.000000, 0.000000) (0.000000, 0.000000) 
(0.120000, 0.053785, 1.303507) (1.000000, 0.000000, 0.000000) (0.000000, 0.000000) 
(0.125000, 0.053358, 1.353027) (1.000000, 0.000000, 0.000000) (0.000000, 0.000000) 
(0.130000, 0.052820, 1.402171) (1.000000, 0.000000, 0.000000) (0.000000, 0.000000) 
(0.135000, 0.052166, 1.450941) (1.000000, 0.000000, 0.000000) (0.000000, 0.000000) 
(0.140000, 0.051390, 1.499336) (1.000000, 0.000000, 0.000000) (0.000000, 0.000000) 
(0.145000, 0.050489, 1.547357) (1.000000, 0.000000, 0.000000) (0.000000, 0.000000) 
(0.150000, 0.049459, 1.595006) (1.000000, 0.000000, 0.000000) (0.000000, 0.000000) 
(0.155000, 0.048298, 1.642284) (1.000000, 0.000000, 0.000000) (0.000000, 0.000000) 
(0.160000, 0.047002, 1.689190) (1.000000, 0.000000, 0.000000) (0.000000, 0.000000) 
(0.165000, 0.045571, 1.735727) (1.000000, 0.000000, 0.000000) (0.000000, 0.000000) 
(0.170000, 0.044003, 1.781895) (1.000000, 0.000000, 0.000000) (0.000000, 0.000000) 
(0.175000, 0.042298, 1.827695) (1.000000, 0.000000, 0.000000) (0.000000, 0.000000) 
(0.180000, 0.040457, 1.873127) (1.000000, 0.000000, 0.000000) (0.000000, 0.000000) 
(0.185000, 0.038480, 1.918193) (1.000000, 0.000000, 0.000000) (0.000000, 0.000000) 
(0.190000, 0.036370, 1.962893) (1.000000, 0.000000, 0.000000) (0.000000, 0.000000) 
(0.195000, 0.034129, 2.007228) (1.000000, 0.000000, 0.000000) (0.000000, 0.000000) 
(0.200000, 0.031760, 2.051200) (1.000000, 0.000000, 0.000000) (0.000000, 0.000000) 
(0.205000, 0.029265, 2.094809) (1.000000, 0.000000, 0.000000) (0.000000, 0.000000) 
(0.210000, 0.026650, 2.138055) (1.000000, 0.000000, 0.000000) (0.000000, 0.000000) 
(0.215000, 0.023919, 2.180940) (1.000000, 0.000000, 0.000000) (0.000000, 0.000000) 
(0.220000, 0.021077, 2.223465) (1.000000, 0.000000, 0.000000) (0.000000, 0.000000) 
(0.225000, 0.018130, 2.265630) (1.000000, 0.000000, 0.000000) (0.000000, 0.000000) 
(0.230000, 0.015084, 2.307437) (1.000000, 0.000000, 0.000000) (0.000000, 0.000000) 
(0.235000, 0.011945, 2.348886) (1.000000, 0.000000, 0.000000) (0.000000, 0.000000) 
(0.240000, 0.008720, 2.389977) (1.000000, 0.000000, 0.000000) (0.000000, 0.000000) 
(0.245000, 0.005417, 2.430713) (1.000000, 0.000000, 0.000000) (0.000000, 0.000000) 
(0.250000, 0.002042, 2.471094) (1.000000, 0.000000, 0.000000) (0.000000, 0.000000) 
(0.255000, -0.001395, 2.511120) (1.000000, 0.000000, 0.000000) (0.000000, 0.000000) 
(0.260000, -0.004888, 2.550792) (1.000000, 0.000000, 0.000000) (0.000000, 0.000000) 
(0.265000, -0.008427, 2.590112) (1.000000, 0.000000, 0.000000) (0.000000, 0.000000) 
(0.270000, -0.012005, 2.629080) (1.000000, 0.000000, 0.000000) (0.000000, 0.000000) 
(0.275000, -0.015612, 2.667698) (1.000000, 0.000000, 0.000000) (0.000000, 0.000000) 
(0.280000, -0.019240, 2.705965) (1.000000, 0.000000, 0.000000) (0.000000, 0.000000) 
(0.285000, -0.022880, 2.743883) (1.000000, 0.000000, 0.000000) (0.000000, 0.000000) 
(0.290000, -0.026523, 2.781452) (1.000000, 0.000000, 0.000000) (0.000000, 0.000000) 
(0.295000, -0.030161, 2.818674) (1.000000, 0.000000, 0.000000) (0.000000, 0.000000) 
(0.300000, -0.033784, 2.855550) (1.000000, 0.000000, 0.000000) (0.000000, 0.000000) 
(0.305000, -0.037384, 2.892080) (1.000000, 0.000000, 0.000000) (0.000000, 0.000000) 
(0.310000, -0.040951, 2.928265) (1.000000, 0.000000, 0.000000) (0.000000, 0.000000) 
(0.315000, -0.044478, 2.964106) (1.000000, 0.000000, 0.000000) (0.000000, 0.000000) 
(0.320000, -0.047956, 2.999603) (1.000000, 0.000000, 0.000000) (0.000000, 0.000000) 
(0.325000, -0.051377, 3.034759) (1.000000, 0.000000, 0.000000) (0.000000, 0.000000) 
(0.330000, -0.054732, 3.069572) (1.000000, 0.000000, 0.000000) (0.000000, 0.000000) 
(0.335000, -0.058013, 3.104046) (1.000000, 0.000000, 0.000000) (0.000000, 0.000000) 
(0.340000, -0.061213, 3.138180) (1.000000, 0.000000, 0.000000) (0.000000, 0.000000) 
(0.345000, -0.064324, 3.171974) (1.000000, 0.000000, 0.000000) (0.000000, 0.000000) 
(0.350000, -0.067339, 3.205431) (1.000000, 0.000000, 0.000000) (0.000000, 0.000000) 
(0.355000, -0.070252, 3.238551) (1.000000, 0.000000, 0.000000) (0.000000, 0.000000) 
(0.360000, -0.073054, 3.271334) (1.000000, 0.000000, 0.000000) (0.000000, 0.000000) 
(0.365000, -0.075741, 3.303782) (1.000000, 0.000000, 0.000000) (0.000000, 0.000000) 
(0.370000, -0.078305, 3.335896) (1.000000, 0.000000, 0.000000) (0.000000, 0.000000) 
(0.375000, -0.080742, 3.367676) (1.000000, 0.000000, 0.000000) (0.000000, 0.000000) 
(0.380000, -0.083045, 3.399123) (1.000000, 0.000000, 0.000000) (0.000000, 0.000000) 
(0.385000, -0.085210, 3.430238) (1.000000, 0.000000, 0.000000) (0.000000, 0.000000) 
(0.390000, -0.087231, 3.461022) (1.000000, 0.000000, 0.000000) (0.000000, 0.000000) 
(0.395000, -0.089106, 3.491476) (1.000000, 0.000000, 0.000000) (0.000000, 0.000000) 
(0.400000, -0.090828, 3.521600) (1.000000, 0.000000, 0.000000) (0.000000, 0.000000) 
(0.405000, -0.092396, 3.551396) (1.000000, 0.000000, 0.000000) (0.000000, 0.000000) 
(0.410000, -0.093805, 3.580864) (1.000000, 0.000000, 0.000000) (0.000000, 0.000000) 
(0.415000, -0.095052, 3.610006) (1.000000, 0.000000, 0.000000) (0.000000, 0.000000) 
(0.420000, -0.096135, 3.638821) (1.000000, 0.000000, 0.000000) (0.000000, 0.000000) 
(0.425000, -0.097051, 3.667312) (1.000000, 0.000000, 0.000000) (0.000000, 0.000000) 
(0.430000, -0.097799, 3.695478) (1.000000, 0.000000, 0.000000) (0.000000, 0.000000) 
(0.435000, -0.098376, 3.723321) (1.000000, 0.000000, 0.000000) (0.000000, 0.000000) 
(0.440000, -0.098782, 3.750842) (1.000000, 0.000000, 0.000000) (0.000000, 0.000000) 
(0.445000, -0.099016, 3.778040) (1.000000, 0.000000, 0.000000) (0.000000, 0.000000) 
(0.450000, -0.099076, 3.804919) (1.000000, 0.000000, 0.000000) (0.000000, 0.000000) 
(0.455000, -0.098963, 3.831477) (1.000000, 0.000000, 0.000000) (0.000000, 0.000000) 
(0.460000, -0.098676, 3.857716) (1.000000, 0.000000, 0.000000) (0.000000, 0.000000) 
(0.465000, -0.098216, 3.883638) (1.000000, 0.000000, 0.000000) (0.000000, 0.000000) 
(0.470000, -0.097583, 3.909241) (1.000000, 0.000000, 0.000000) (0.000000, 0.000000) 
(0.475000, -0.096778, 3.934529) (1.000000, 0.000000, 0.000000) (0.000000, 0.000000) 
(0.480000, -0.095803, 3.959501) (1.000000, 0.000000, 0.000000) (0.000000, 0.000000) 
(0.485000, -0.094658, 3.984158) (1.000000, 0.000000, 0.000000) (0.000000, 0.000000) 
(0.490000, -0.093344, 4.008501) (1.000000, 0.000000, 0.000000) (0.000000, 0.000000) 
(0.495000, -0.091865, 4.032532) (1.000000, 0.000000, 0.000000) (0.000000, 0.000000) 
(0.500000, -0.090222, 4.056250) (1.000000, 0.000000, 0.000000) (0.000000, 0.000000) 
(0.505000, -0.088417, 4.079657) (1.000000, 0.000000, 0.000000) (0.000000, 0.000000) 
(0.510000, -0.086453, 4.102754) (1.000000, 0.000000, 0.000000) (0.000000, 0.000000) 
(0.515000, -0.084332, 4.125541) (1.000000, 0.000000, 0.000000) (0.000000, 0.000000) 
(0.520000, -0.082057, 4.148019) (1.000000, 0.000000, 0.000000) (0.000000, 0.000000) 
(0.525000, -0.079632, 4.170190) (1.000000, 0.000000, 0.000000) (0.000000, 0.000000) 
(0.530000, -0.077059, 4.192053) (1.000000, 0.000000, 0.000000) (0.000000, 0.000000) 
(0.535000, -0.074342, 4.213611) (1.000000, 0.000000, 0.000000) (0.000000, 0.000000) 
(0.540000, -0.071484, 4.234863) (1.000000, 0.000000, 0.000000) (0.000000, 0.000000) 
(0.545000, -0.068489, 4.255812) (1.000000, 0.000000, 0.000000) (0.000000, 0.000000) 
(0.550000, -0.065361, 4.276456) (1.000000, 0.000000, 0.000000) (0.000000, 0.000000) 
(0.555000, -0.062104, 4.296798) (1.000000, 0.000000, 0.000000) (0.000000, 0.000000) 
(0.560000, -0.058720, 4.316838) (1.000000, 0.000000, 0.000000) (0.000000, 0.000000) 
(0.565000, -0.055216, 4.336578) (1.000000, 0.000000, 0.000000) (0.000000, 0.000000) 
(0.570000, -0.051594, 4.356017) (1.000000, 0.000000, 0.000000) (0.000000, 0.000000) 
(0.575000, -0.047859, 4.375157) (1.000000, 0.000000, 0.000000) (0.000000, 0.000000) 
(0.580000, -0.044015, 4.393999) (1.000000, 0.000000, 0.000000) (0.000000, 0.000000) 
(0.585000, -0.040066, 4.412543) (1.000000, 0.000000, 0.000000) (0.000000, 0.000000) 
(0.590000, -0.036018, 4.430791) (1.000000, 0.000000, 0.000000) (0.000000, 0.000000) 
(0.595000, -0.031873, 4.448743) (1.000000, 0.000000, 0.000000) (0.000000, 0.000000) 
(0.600000, -0.027638, 4.466400) (1.000000, 0.000000, 0.000000) (0.000000, 0.000000) 
(0.605000, -0.023316, 4.483763) (1.000000, 0.000000, 0.000000) (0.000000, 0.000000) 
(0.610000, -0.018911, 4.500833) (1.000000, 0.000000, 0.000000) (0.000000, 0.000000) 
(0.615000, -0.014429, 4.517611) (1.000000, 0.000000, 0.000000) (0.000000, 0.000000) 
(0.620000, -0.009873, 4.534097) (1.000000, 0.000000, 0.000000) (0.000000, 0.000000) 
(0.625000, -0.005249, 4.550293) (1.000000, 0.000000, 0.000000) (0.000000, 0.000000) 
(0.630000, -0.000561, 4.566199) (1.000000, 0.000000, 0.000000) (0.000000, 0.000000) 
(0.635000, 0.004187, 4.581816) (1.000000, 0.000000, 0.000000) (0.000000, 0.000000) 
(0.640000, 0.008990, 4.597146) (1.000000, 0.000000, 0.000000) (0.000000, 0.000000) 
(0.645000, 0.013844, 4.612188) (1.000000, 0.000000, 0.000000) (0.000000, 0.000000) 
(0.650000, 0.018744, 4.626944) (1.000000, 0.000000, 0.000000) (0.000000, 0.000000) 
(0.655000, 0.023685, 4.641414) (1.000000, 0.000000, 0.000000) (0.000000, 0.000000) 
(0.660000, 0.028664, 4.655600) (1.000000, 0.000000, 0.000000) (0.000000, 0.000000) 
(0.665000, 0.033676, 4.669503) (1.000000, 0.000000, 0.000000) (0.000000, 0.000000) 
(0.670000, 0.038716, 4.683122) (1.000000, 0.000000, 0.000000) (0.000000, 0.000000) 
(0.675000, 0.043780, 4.696460) (1.000000, 0.000000, 0.000000) (0.000000, 0.000000) 
(0.680000, 0.048864, 4.709517) (1.000000, 0.000000, 0.000000) (0.000000, 0.000000) 
(0.685000, 0.053964, 4.722293) (1.000000, 0.000000, 0.000000) (0.000000, 0.000000) 
(0.690000, 0.059076, 4.734790) (1.000000, 0.000000, 0.000000) (0.000000, 0.000000) 
(0.695000, 0.064195, 4.747009) (1.000000, 0.000000, 0.000000) (0.000000, 0.000000) 
(0.700000, 0.069317, 4.758950) (1.000000, 0.000000, 0.000000) (0.000000, 0.000000) 
(0.705000, 0.074438, 4.770614) (1.000000, 0.000000, 0.000000) (0.000000, 0.000000) 
(0.710000, 0.079554, 4.782002) (1.000000, 0.000000, 0.000000) (0.000000, 0.000000) 
(0.715000, 0.084662, 4.793116) (1.000000, 0.000000, 0.000000) (0.000000, 0.000000) 
(0.720000, 0.089756, 4.803955) (1.000000, 0.000000, 0.000000) (0.000000, 0.000000) 
(0.725000, 0.094834, 4.814521) (1.000000, 0.000000, 0.000000) (0.000000, 0.000000) 
(0.730000, 0.099892, 4.824814) (1.000000, 0.000000, 0.000000) (0.000000, 0.000000) 
(0.735000, 0.104926, 4.834836) (1.000000, 0.000000, 0.000000) (0.000000, 0.000000) 
(0.740000, 0.109931, 4.844588) (1.000000, 0.000000, 0.000000) (0.000000, 0.000000) 
(0.745000, 0.114905, 4.854069) (1.000000, 0.000000, 0.000000) (0.000000, 0.000000) 
(0.750000, 0.119844, 4.863281) (1.000000, 0.000000, 0.000000) (0.000000, 0.000000) 
(0.755000, 0.124743, 4.872225) (1.000000, 0.000000, 0.000000) (0.000000, 0.000000) 
(0.760000, 0.129601, 4.880902) (1.000000, 0.000000, 0.000000) (0.000000, 0.000000) 
(0.765000, 0.134412, 4.889313) (1.000000, 0.000000, 0.000000) (0.000000, 0.000000) 
(0.770000, 0.139174, 4.897458) (1.000000, 0.000000, 0.000000) (0.000000, 0.000000) 
(0.775000, 0.143883, 4.905338) (1.000000, 0.000000, 0.000000) (0.000000, 0.000000) 
(0.780000, 0.148537, 4.912955) (1.000000, 0.000000, 0.000000) (0.000000, 0.000000) 
(0.785000, 0.153130, 4.920308) (1.000000, 0.000000, 0.000000) (0.000000, 0.000000) 
(0.790000, 0.157661, 4.927400) (1.000000, 0.000000, 0.000000) (0.000000, 0.000000) 
(0.795000, 0.162125, 4.934230) (1.000000, 0.000000, 0.000000) (0.000000, 0.000000) 
(0.800000, 0.166521, 4.940800) (1.000000, 0.000000, 0.000000) (0.000000, 0.000000) 
(0.805000, 0.170844, 4.947110) (1.000000, 0.000000, 0.000000) (0.000000, 0.000000) 
(0.810000, 0.175091, 4.953162) (1.000000, 0.000000, 0.000000) (0.000000, 0.000000) 
(0.815000, 0.179259, 4.958956) (1.000000, 0.000000, 0.000000) (0.000000, 0.000000) 
(0.820000, 0.183345, 4.964493) (1.000000, 0.000000, 0.000000) (0.000000, 0.000000) 
(0.825000, 0.187347, 4.969774) (1.000000, 0.000000, 0.000000) (0.000000, 0.000000) 
(0.830000, 0.191260, 4.974800) (1.000000, 0.000000, 0.000000) (0.000000, 0.000000) 
(0.835000, 0.195082, 4.979571) (1.000000, 0.000000, 0.000000) (0.000000, 0.000000) 
(0.840000, 0.198809, 4.984089) (1.000000, 0.000000, 0.000000) (0.000000, 0.000000) 
(0.845000, 0.202440, 4.988355) (1.000000, 0.000000, 0.000000) (0.000000, 0.000000) 
(0.850000, 0.205970, 4.992369) (1.000000, 0.000000, 0.000000) (0.000000, 0.000000) 
(0.855000, 0.209397, 4.996131) (1.000000, 0.000000, 0.000000) (0.000000, 0.000000) 
(0.860000, 0.212718, 4.999644) (1.000000, 0.000000, 0.000000) (0.000000, 0.000000) 
(0.865000, 0.215931, 5.002908) (1.000000, 0.000000, 0.000000) (0.000000, 0.000000) 
(0.870000, 0.219030, 5.005923) (1.000000, 0.000000, 0.000000) (0.000000, 0.000000) 
(0.875000, 0.222015, 5.008691) (1.000000, 0.000000, 0.000000) (0.000000, 0.000000) 
(0.880000, 0.224883, 5.011213) (1.000000, 0.000000, 0.000000) (0.000000, 0.000000) 
(0.885000, 0.227629, 5.013488) (1.000000, 0.000000, 0.000000) (0.000000, 0.000000) 
(0.890000, 0.230252, 5.015519) (1.000000, 0.000000, 0.000000) (0.000000, 0.000000) 
(0.895000, 0.232748, 5.017306) (1.000000, 0.000000, 0.000000) (0.000000, 0.000000) 
(0.900000, 0.235115, 5.018850) (1.000000, 0.000000, 0.000000) (0.000000, 0.000000) 
(0.905000, 0.237350, 5.020152) (1.000000, 0.000000, 0.000000) (0.000000, 0.000000) 
(0.910000, 0.239449, 5.021212) (1.000000, 0.000000, 0.000000) (0.000000, 0.000000) 
(0.915000, 0.241410, 5.022031) (1.000000, 0.000000, 0.000000) (0.000000, 0.000000) 
(0.920000, 0.243231, 5.022611) (1.000000, 0.000000, 0.000000) (0.000000, 0.000000) 
(0.925000, 0.244907, 5.022953) (1.000000, 0.000000, 0.000000) (0.000000, 0.000000) 
(0.930000, 0.246437, 5.023056) (1.000000, 0.000000, 0.000000) (0.000000, 0.000000) 
(0.935000, 0.247817, 5.022922) (1.000000, 0.000000, 0.000000) (0.000000, 0.000000) 
(0.940000, 0.249045, 5.022552) (1.000000, 0.000000, 0.000000) (0.000000, 0.000000) 
(0.945000, 0.250117, 5.021946) (1.000000, 0.000000, 0.000000) (0.000000, 0.000000) 
(0.950000, 0.251032, 5.021106) (1.000000, 0.000000, 0.000000) (0.000000, 0.000000) 
(0.955000, 0.251786, 5.020033) (1.000000, 0.000000, 0.000000) (0.000000, 0.000000) 
(0.960000, 0.252375, 5.018726) (1.000000, 0.000000, 0.000000) (0.000000, 0.000000) 
(0.965000, 0.252798, 5.017188) (1.000000, 0.000000, 0.000000) (0.000000, 0.000000) 
(0.970000, 0.253051, 5.015419) (1.000000, 0.000000, 0.000000) (0.000000, 0.000000) 
(0.975000, 0.253132, 5.013420) (1.000000, 0.000000, 0.000000) (0.000000, 0.000000) 
(0.980000, 0.253038, 5.011191) (1.000000, 0.000000, 0.000000) (0.000000, 0.000000) 
(0.985000, 0.252766, 5.008734) (1.000000, 0.000000, 0.000000) (0.000000, 0.000000) 
(0.990000, 0.252313, 5.006049) (1.000000, 0.000000, 0.000000) (0.000000, 0.000000) 
(0.995000, 0.251677, 5.003138) (1.000000, 0.000000, 0.000000) (0.000000, 0.000000) 
(1.000000, 0.250854, 5.000000) (1.000000, 0.000000, 0.000000) (0.000000, 0.000000) 
(1.005000, 0.249842, 4.996638) (1.000000, 0.000000, 0.000000) (0.000000, 0.000000) 
(1.010000, 0.248638, 4.993051) (1.000000, 0.000000, 0.000000) (0.000000, 0.000000) 
(1.015000, 0.247239, 4.989242) (1.000000, 0.000000, 0.000000) (0.000000, 0.000000) 
(1.020000, 0.245643, 4.985209) (1.000000, 0.000000, 0.000000) (0.000000, 0.000000) 
(1.025000, 0.243848, 4.980956) (1.000000, 0.000000, 0.000000) (0.000000, 0.000000) 
(1.030000, 0.241849, 4.976481) (1.000000, 0.000000, 0.000000) (0.000000, 0.000000) 
(1.035000, 0.239646, 4.971787) (1.000000, 0.000000, 0.000000) (0.000000, 0.000000) 
(1.040000, 0.237234, 4.966874) (1.000000, 0.000000, 0.000000) (0.000000, 0.000000) 
(1.045000, 0.234613, 4.961742) (1.000000, 0.000000, 0.000000) (0.000000, 0.000000) 
(1.050000, 0.231778, 4.956394) (1.000000, 0.000000, 0.000000) (0.000000, 0.000000) 
(1.055000, 0.228729, 4.950829) (1.000000, 0.000000, 0.000000) (0.000000, 0.000000) 
(1.060000, 0.225462, 4.945048) (1.000000, 0.000000, 0.000000) (0.000000, 0.000000) 
(1.065000, 0.221975, 4.939054) (1.000000, 0.000000, 0.000000) (0.000000, 0.000000) 
(1.070000, 0.218266, 4.932845) (1.000000, 0.000000, 0.000000) (0.000000, 0.000000) 
(1.075000, 0.214332, 4.926423) (1.000000, 0.000000, 0.000000) (0.000000, 0.000000) 
(1.080000, 0.210172, 4.919789) (1.000000, 0.000000, 0.000000) (0.000000, 0.000000) 
(1.085000, 0.205783, 4.912944) (1.000000, 0.000000, 0.000000) (0.000000, 0.000000) 
(1.090000, 0.201164, 4.905888) (1.000000, 0.000000, 0.000000) (0.000000, 0.000000) 
(1.095000, 0.196312, 4.898623) (1.000000, 0.000000, 0.000000) (0.000000, 0.000000) 
(1.100000, 0.191226, 4.891150) (1.000000, 0.000000, 0.000000) (0.000000, 0.000000) 
(1.105000, 0.185904, 4.883469) (1.000000, 0.000000, 0.000000) (0.000000, 0.000000) 
(1.110000, 0.180345, 4.875581) (1.000000, 0.000000, 0.000000) (0.000000, 0.000000) 
(1.115000, 0.174546, 4.867486) (1.000000, 0.000000, 0.000000) (0.000000, 0.000000) 
(1.120000, 0.168506, 4.859187) (1.000000, 0.000000, 0.000000) (0.000000, 0.000000) 
(1.125000, 0.162225, 4.850684) (1.000000, 0.000000, 0.000000) (0.000000, 0.000000) 
(1.130000, 0.155701, 4.841977) (1.000000, 0.000000, 0.000000) (0.000000, 0.000000) 
(1.135000, 0.148933, 4.833067) (1.000000, 0.000000, 0.000000) (0.000000, 0.000000) 
(1.140000, 0.141920, 4.823956) (1.000000, 0.000000, 0.000000) (0.000000, 0.000000) 
(1.145000, 0.134661, 4.814643) (1.000000, 0.000000, 0.000000) (0.000000, 0.000000) 
(1.150000, 0.127157, 4.805131) (1.000000, 0.000000, 0.000000) (0.000000, 0.000000) 
(1.155000, 0.119405, 4.795420) (1.000000, 0.000000, 0.000000) (0.000000, 0.000000) 
(1.160000, 0.111406, 4.785511) (1.000000, 0.000000, 0.000000) (0.000000, 0.000000) 
(1.165000, 0.103160, 4.775403) (1.000000, 0.000000, 0.000000) (0.000000, 0.000000) 
(1.170000, 0.094667, 4.765100) (1.000000, 0.000000, 0.000000) (0.000000, 0.000000) 
(1.175000, 0.085927, 4.754601) (1.000000, 0.000000, 0.000000) (0.000000, 0.000000) 
(1.180000, 0.076940, 4.743907) (1.000000, 0.000000, 0.000000) (0.000000, 0.000000) 
(1.185000, 0.067707, 4.733019) (1.000000, 0.000000, 0.000000) (0.000000, 0.000000) 
(1.190000, 0.058230, 4.721938) (1.000000, 0.000000, 0.000000) (0.000000, 0.000000) 
(1.195000, 0.048508, 4.710665) (1.000000, 0.000000, 0.000000) (0.000000, 0.000000) 
(1.200000, 0.038543, 4.699200) (1.000000, 0.000000, 0.000000) (0.000000, 0.000000) 
(1.205000, 0.028337, 4.687545) (1.000000, 0.000000, 0.000000) (0.000000, 0.000000) 
(1.210000, 0.017891, 4.675700) (1.000000, 0.000000, 0.000000) (0.000000, 0.000000) 
(1.215000, 0.007207, 4.663667) (1.000000, 0.000000, 0.000000) (0.000000, 0.000000) 
(1.220000, -0.003714, 4.651445) (1.000000, 0.000000, 0.000000) (0.000000, 0.000000) 
(1.225000, -0.014867, 4.639037) (1.000000, 0.000000, 0.000000) (0.000000, 0.000000) 
(1.230000, -0.026252, 4.626442) (1.000000, 0.000000, 0.000000) (0.000000, 0.000000) 
(1.235000, -0.037864, 4.613662) (1.000000, 0.000000, 0.000000) (0.000000, 0.000000) 
(1.240000, -0.049701, 4.600698) (1.000000, 0.000000, 0.000000) (0.000000, 0.000000) 
(1.245000, -0.061760, 4.587550) (1.000000, 0.000000, 0.000000) (0.000000, 0.000000) 
(1.250000, -0.074037, 4.574219) (1.000000, 0.000000, 0.000000) (0.000000, 0.000000) 
(1.255000, -0.086527, 4.560706) (1.000000, 0.000000, 0.000000) (0.000000, 0.000000) 
(1.260000, -0.099228, 4.547012) (1.000000, 0.000000, 0.000000) (0.000000, 0.000000) 
(1.265000, -0.112133, 4.533139) (1.000000, 0.000000, 0.000000) (0.000000, 0.000000) 
(1.270000, -0.125239, 4.519085) (1.000000, 0.000000, 0.000000) (0.000000, 0.000000) 
(1.275000, -0.138540, 4.504854) (1.000000, 0.000000, 0.000000) (0.000000, 0.000000) 
(1.280000, -0.152031, 4.490445) (1.000000, 0.000000, 0.000000) (0.000000, 0.000000) 
(1.285000, -0.165706, 4.475859) (1.000000, 0.000000, 0.000000) (0.000000, 0.000000) 
(1.290000, -0.179560, 4.461097) (1.000000, 0.000000, 0.000000) (0.000000, 0.000000) 
(1.295000, -0.193585, 4.446161) (1.000000, 0.000000, 0.000000) (0.000000, 0.000000) 
(1.300000, -0.207775, 4.431050) (1.000000, 0.000000, 0.000000) (0.000000, 0.000000) 
(1.305000, -0.222124, 4.415766) (1.000000, 0.000000, 0.000000) (0.000000, 0.000000) 
(1.310000, -0.236624, 4.400310) (1.000000, 0.000000, 0.000000) (0.000000, 0.000000) 
(1.315000, -0.251267, 4.384682) (1.000000, 0.000000, 0.000000) (0.000000, 0.000000) 
(1.320000, -0.266046, 4.368884) (1.000000, 0.000000, 0.000000) (0.000000, 0.000000) 
(1.325000, -0.280953, 4.352915) (1.000000, 0.000000, 0.000000) (0.000000, 0.000000) 
(1.330000, -0.295979, 4.336778) (1.000000, 0.000000, 0.000000) (0.000000, 0.000000) 
(1.335000, -0.311114, 4.320472) (1.000000, 0.000000, 0.000000) (0.000000, 0.000000) 
(1.340000, -0.326350, 4.304000) (1.000000, 0.000000, 0.000000) (0.000000, 0.000000) 
(1.345000, -0.341678, 4.287361) (1.000000, 0.000000, 0.000000) (0.000000, 0.000000) 
(1.350000, -0.357088, 4.270556) (1.000000, 0.000000, 0.000000) (0.000000, 0.000000) 
(1.355000, -0.372568, 4.253587) (1.000000, 0.000000, 0.000000) (0.000000, 0.000000) 
(1.360000, -0.388110, 4.236454) (1.000000, 0.000000, 0.000000) (0.000000, 0.000000) 
(1.365000, -0.403703, 4.219159) (1.000000, 0.000000, 0.000000) (0.000000, 0.000000) 
(1.370000, -0.419334, 4.201701) (1.000000, 0.000000, 0.000000) (0.000000, 0.000000) 
(1.375000, -0.434993, 4.184082) (1.000000, 0.000000, 0.000000) (0.000000, 0.000000) 
(1.380000, -0.450669, 4.166303) (1.000000, 0.000000, 0.000000) (0.000000, 0.000000) 
(1.385000, -0.466349, 4.148364) (1.000000, 0.000000, 0.000000) (0.000000, 0.000000) 
(1.390000, -0.482021, 4.130267) (1.000000, 0.000000, 0.000000) (0.000000, 0.000000) 
(1.395000, -0.497673, 4.112012) (1.000000, 0.000000, 0.000000) (0.000000, 0.000000) 
(1.400000, -0.513292, 4.093600) (1.000000, 0.000000, 0.000000) (0.000000, 0.000000) 
(1.405000, -0.528865, 4.075032) (1.000000, 0.000000, 0.000000) (0.000000, 0.000000) 
(1.410000, -0.544378, 4.056309) (1.000000, 0.000000, 0.000000) (0.000000, 0.000000) 
(1.415000, -0.559819, 4.037432) (1.000000, 0.000000, 0.000000) (0.000000, 0.000000) 
(1.420000, -0.575173, 4.018401) (1.000000, 0.000000, 0.000000) (0.000000, 0.000000) 
(1.425000, -0.590427, 3.999218) (1.000000, 0.000000, 0.000000) (0.000000, 0.000000) 
(1.430000, -0.605565, 3.979883) (1.000000, 0.000000, 0.000000) (0.000000, 0.000000) 
(1.435000, -0.620575, 3.960397) (1.000000, 0.000000, 0.000000) (0.000000, 0.000000) 
(1.440000, -0.635441, 3.940762) (1.000000, 0.000000, 0.000000) (0.000000, 0.000000) 
(1.445000, -0.650149, 3.920977) (1.000000, 0.000000, 0.000000) (0.000000, 0.000000) 
(1.450000, -0.664683, 3.901044) (1.000000, 0.000000, 0.000000) (0.000000, 0.000000) 
(1.455000, -0.679029, 3.880964) (1.000000, 0.000000, 0.000000) (0.000000, 0.000000) 
(1.460000, -0.693172, 3.860737) (1.000000, 0.000000, 0.000000) (0.000000, 0.000000) 
(1.465000, -0.707095, 3.840364) (1.000000, 0.000000, 0.000000) (0.000000, 0.000000) 
(1.470000, -0.720785, 3.819847) (1.000000, 0.000000, 0.000000) (0.000000, 0.000000) 
(1.475000, -0.734225, 3.799185) (1.000000, 0.000000, 0.000000) (0.000000, 0.000000) 
(1.480000, -0.747400, 3.778381) (1.000000, 0.000000, 0.000000) (0.000000, 0.000000) 
(1.485000, -0.760294, 3.757434) (1.000000, 0.000000, 0.000000) (0.000000, 0.000000) 
(1.490000, -0.772891, 3.736346) (1.000000, 0.000000, 0.000000) (0.000000, 0.000000) 
(1.495000, -0.785177, 3.715118) (1.000000, 0.000000, 0.000000) (0.000000, 0.000000) 
(1.500000, -0.797135, 3.693750) (1.000000, 0.000000, 0.000000) (0.000000, 0.000000) 
(1.505000, -0.808749, 3.672243) (1.000000, 0.000000, 0.000000) (0.000000, 0.000000) 
(1.510000, -0.820006, 3.650599) (1.000000, 0.000000, 0.000000) (0.000000, 0.000000) 
(1.515000, -0.830888, 3.628817) (1.000000, 0.000000, 0.000000) (0.000000, 0.000000) 
(1.520000, -0.841380, 3.606899) (1.000000, 0.000000, 0.000000) (0.000000, 0.000000) 
(1.525000, -0.851468, 3.584846) (1.000000, 0.000000, 0.000000) (0.000000, 0.000000) 
(1.530000, -0.861136, 3.562659) (1.000000, 0.000000, 0.000000) (0.000000, 0.000000) 
(1.535000, -0.870369, 3.540338) (1.000000, 0.000000, 0.000000) (0.000000, 0.000000) 
(1.540000, -0.879152, 3.517884) (1.000000, 0.000000, 0.000000) (0.000000, 0.000000) 
(1.545000, -0.887472, 3.495298) (1.000000, 0.000000, 0.000000) (0.000000, 0.000000) 
(1.550000, -0.895313, 3.472581) (1.000000, 0.000000, 0.000000) (0.000000, 0.000000) 
(1.555000, -0.902661, 3.449735) (1.000000, 0.000000, 0.000000) (0.000000, 0.000000) 
(1.560000, -0.909503, 3.426759) (1.000000, 0.000000, 0.000000) (0.000000, 0.000000) 
(1.565000, -0.915825, 3.403654) (1.000000, 0.000000, 0.000000) (0.000000, 0.000000) 
(1.570000, -0.921615, 3.380422) (1.000000, 0.000000, 0.000000) (0.000000, 0.000000) 
(1.575000, -0.926859, 3.357064) (1.000000, 0.000000, 0.000000) (0.000000, 0.000000) 
(1.580000, -0.931544, 3.333579) (1.000000, 0.000000, 0.000000) (0.000000, 0.000000) 
(1.585000, -0.935659, 3.309970) (1.000000, 0.000000, 0.000000) (0.000000, 0.000000) 
(1.590000, -0.939192, 3.286236) (1.000000, 0.000000, 0.000000) (0.000000, 0.000000) 
(1.595000, -0.942133, 3.262380) (1.000000, 0.000000, 0.000000) (0.000000, 0.000000) 
(1.600000, -0.944469, 3.238400) (1.000000, 0.000000, 0.000000) (0.000000, 0.000000) 
(1.605000, -0.946192, 3.214299) (1.000000, 0.000000, 0.000000) (0.000000, 0.000000) 
(1.610000, -0.947290, 3.190078) (1.000000, 0.000000, 0.000000) (0.000000, 0.000000) 
(1.615000, -0.947756, 3.165737) (1.000000, 0.000000, 0.000000) (0.000000, 0.000000) 
(1.620000, -0.947581, 3.141277) (1.000000, 0.000000, 0.000000) (0.000000, 0.000000) 
(1.625000, -0.946756, 3.116699) (1.000000, 0.000000, 0.000000) (0.000000, 0.000000) 
(1.630000, -0.945274, 3.092004) (1.000000, 0.000000, 0.000000) (0.000000, 0.000000) 
(1.635000, -0.943129, 3.067193) (1.000000, 0.000000, 0.000000) (0.000000, 0.000000) 
(1.640000, -0.940313, 3.042266) (1.000000, 0.000000, 0.000000) (0.000000, 0.000000) 
(1.645000, -0.936823, 3.017224) (1.000000, 0.000000, 0.000000) (0.000000, 0.000000) 
(1.650000, -0.932652, 2.992069) (1.000000, 0.000000, 0.000000) (0.000000, 0.000000) 
(1.655000, -0.927797, 2.966801) (1.000000, 0.000000, 0.000000) (0.000000, 0.000000) 
(1.660000, -0.922255, 2.941421) (1.000000, 0.000000, 0.000000) (0.000000, 0.000000) 
(1.665000, -0.916022, 2.915929) (1.000000, 0.000000, 0.000000) (0.000000, 0.000000) 
(1.670000, -0.909098, 2.890328) (1.000000, 0.000000, 0.000000) (0.000000, 0.000000) 
(1.675000, -0.901480, 2.864617) (1.000000, 0.000000, 0.000000) (0.000000, 0.000000) 
(1.680000, -0.893169, 2.838797) (1.000000, 0.000000, 0.000000) (0.000000, 0.000000) 
(1.685000, -0.884165, 2.812870) (1.000000, 0.000000, 0.000000) (0.000000, 0.000000) 
(1.690000, -0.874469, 2.786836) (1.000000, 0.000000, 0.000000) (0.000000, 0.000000) 
(1.695000, -0.864084, 2.760696) (1.000000, 0.000000, 0.000000) (0.000000, 0.000000) 
(1.700000, -0.853012, 2.734450) (1.000000, 0.000000, 0.000000) (0.000000, 0.000000) 
(1.705000, -0.841258, 2.708101) (1.000000, 0.000000, 0.000000) (0.000000, 0.000000) 
(1.710000, -0.828825, 2.681648) (1.000000, 0.000000, 0.000000) (0.000000, 0.000000) 
(1.715000, -0.815720, 2.655093) (1.000000, 0.000000, 0.000000) (0.000000, 0.000000) 
(1.720000, -0.801948, 2.628436) (1.000000, 0.000000, 0.000000) (0.000000, 0.000000) 
(1.725000, -0.787517, 2.601678) (1.000000, 0.000000, 0.000000) (0.000000, 0.000000) 
(1.730000, -0.772435, 2.574820) (1.000000, 0.000000, 0.000000) (0.000000, 0.000000) 
(1.735000, -0.756711, 2.547863) (1.000000, 0.000000, 0.000000) (0.000000, 0.000000) 
(1.740000, -0.740355, 2.520808) (1.000000, 0.000000, 0.000000) (0.000000, 0.000000) 
(1.745000, -0.723378, 2.493655) (1.000000, 0.000000, 0.000000) (0.000000, 0.000000) 
(1.750000, -0.705790, 2.466406) (1.000000, 0.000000, 0.000000) (0.000000, 0.000000) 
(1.755000, -0.687604, 2.439062) (1.000000, 0.000000, 0.000000) (0.000000, 0.000000) 
(1.760000, -0.668835, 2.411623) (1.000000, 0.000000, 0.000000) (0.000000, 0.000000) 
(1.765000, -0.649494, 2.384089) (1.000000, 0.000000, 0.000000) (0.000000, 0.000000) 
(1.770000, -0.629599, 2.356463) (1.000000, 0.000000, 0.000000) (0.000000, 0.000000) 
(1.775000, -0.609164, 2.328745) (1.000000, 0.000000, 0.000000) (0.000000, 0.000000) 
(1.780000, -0.588206, 2.300935) (1.000000, 0.000000, 0.000000) (0.000000, 0.000000) 
(1.785000, -0.566741, 2.273035) (1.000000, 0.000000, 0.000000) (0.000000, 0.000000) 
(1.790000, -0.544790, 2.245045) (1.000000, 0.000000, 0.000000) (0.000000, 0.000000) 
(1.795000, -0.522369, 2.216967) (1.000000, 0.000000, 0.000000) (0.000000, 0.000000) 
(1.800000, -0.499500, 2.188800) (1.000000, 0.000000, 0.000000) (0.000000, 0.000000) 
(1.805000, -0.476202, 2.160547) (1.000000, 0.000000, 0.000000) (0.000000, 0.000000) 
(1.810000, -0.452496, 2.132207) (1.000000, 0.000000, 0.000000) (0.000000, 0.000000) 
(1.815000, -0.428404, 2.103783) (1.000000, 0.000000, 0.000000) (0.000000, 0.000000) 
(1.820000, -0.403949, 2.075274) (1.000000, 0.000000, 0.000000) (0.000000, 0.000000) 
(1.825000, -0.379153, 2.046681) (1.000000, 0.000000, 0.000000) (0.000000, 0.000000) 
(1.830000, -0.354041, 2.018005) (1.000000, 0.000000, 0.000000) (0.000000, 0.000000) 
(1.835000, -0.328636, 1.989248) (1.000000, 0.000000, 0.000000) (0.000000, 0.000000) 
(1.840000, -0.302963, 1.960410) (1.000000, 0.000000, 0.000000) (0.000000, 0.000000) 
(1.845000, -0.277048, 1.931492) (1.000000, 0.000000, 0.000000) (0.000000, 0.000000) 
(1.850000, -0.250916, 1.902494) (1.000000, 0.000000, 0.000000) (0.000000, 0.000000) 
(1.855000, -0.224593, 1.873418) (1.000000, 0.000000, 0.000000) (0.000000, 0.000000) 
(1.860000, -0.198106, 1.844264) (1.000000, 0.000000, 0.000000) (0.000000, 0.000000) 
(1.865000, -0.171483, 1.815034) (1.000000, 0.000000, 0.000000) (0.000000, 0.000000) 
(1.870000, -0.144751, 1.785728) (1.000000, 0.000000, 0.000000) (0.000000, 0.000000) 
(1.875000, -0.117936, 1.756348) (1.000000, 0.000000, 0.000000) (0.000000, 0.000000) 
(1.880000, -0.091068, 1.726893) (1.000000, 0.000000, 0.000000) (0.000000, 0.000000) 
(1.885000, -0.064174, 1.697365) (1.000000, 0.000000, 0.000000) (0.000000, 0.000000) 
(1.890000, -0.037282, 1.667764) (1.000000, 0.000000, 0.000000) (0.000000, 0.000000) 
(1.895000, -0.010422, 1.638093) (1.000000, 0.000000, 0.000000) (0.000000, 0.000000) 
(1.900000, 0.016379, 1.608350) (1.000000, 0.000000, 0.000000) (0.000000, 0.000000) 
(1.905000, 0.043091, 1.578538) (1.000000, 0.000000, 0.000000) (0.000000, 0.000000) 
(1.910000, 0.069687, 1.548657) (1.000000, 0.000000, 0.000000) (0.000000, 0.000000) 
(1.915000, 0.096136, 1.518708) (1.000000, 0.000000, 0.000000) (0.000000, 0.000000) 
(1.920000, 0.122412, 1.488691) (1.000000, 0.000000, 0.000000) (0.000000, 0.000000) 
(1.925000, 0.148484, 1.458609) (1.000000, 0.000000, 0.000000) (0.000000, 0.000000) 
(1.930000, 0.174326, 1.428461) (1.000000, 0.000000, 0.000000) (0.000000, 0.000000) 
(1.935000, 0.199908, 1.398248) (1.000000, 0.000000, 0.000000) (0.000000, 0.000000) 
(1.940000, 0.225204, 1.367972) (1.000000, 0.000000, 0.000000) (0.000000, 0.000000) 
(1.945000, 0.250184, 1.337633) (1.000000, 0.000000, 0.000000) (0.000000, 0.000000) 
(1.950000, 0.274823, 1.307232) (1.000000, 0.000000, 0.000000) (0.000000, 0.000000) 
(1.955000, 0.299093, 1.276769) (1.000000, 0.000000, 0.000000) (0.000000, 0.000000) 
(1.960000, 0.322968, 1.246247) (1.000000, 0.000000, 0.000000) (0.000000, 0.000000) 
(1.965000, 0.346422, 1.215665) (1.000000, 0.000000, 0.000000) (0.000000, 0.000000) 
(1.970000, 0.369428, 1.185024) (1.000000, 0.000000, 0.000000) (0.000000, 0.000000) 
(1.975000, 0.391964, 1.154326) (1.000000, 0.000000, 0.000000) (0.000000, 0.000000) 
(1.980000, 0.414003, 1.123571) (1.000000, 0.000000, 0.000000) (0.000000, 0.000000) 
(1.985000, 0.435522, 1.092760) (1.000000, 0.000000, 0.000000) (0.000000, 0.000000) 
(1.990000, 0.456499, 1.061894) (1.000000, 0.000000, 0.000000) (0.000000, 0.000000) 
(1.995000, 0.476910, 1.030974) (1.000000, 0.000000, 0.000000) (0.000000, 0.000000) 
(2.000000, 0.496734, 1.000000) (1.000000, 0.000000, 0.000000) (0.000000, 0.000000) 
(2.005000, 0.515950, 0.968975) (1.000000, 0.000000, 0.000000) (0.000000, 0.000000) 
(2.010000, 0.534539, 0.937896) (1.000000, 0.000000, 0.000000) (0.000000, 0.000000) 
(2.015000, 0.552480, 0.906768) (1.000000, 0.000000, 0.000000) (0.000000, 0.000000) 
(2.020000, 0.569756, 0.875589) (1.000000, 0.000000, 0.000000) (0.000000, 0.000000) 
(2.025000, 0.586349, 0.844363) (1.000000, 0.000000, 0.000000) (0.000000, 0.000000) 
(2.030000, 0.602243, 0.813086) (1.000000, 0.000000, 0.000000) (0.000000, 0.000000) 
(2.035000, 0.617422, 0.781764) (1.000000, 0.000000, 0.000000) (0.000000, 0.000000) 
(2.040000, 0.631872, 0.750394) (1.000000, 0.000000, 0.000000) (0.000000, 0.000000) 
(2.045000, 0.645578, 0.718980) (1.000000, 0.000000, 0.000000) (0.000000, 0.000000) 
(2.050000, 0.658530, 0.687519) (1.000000, 0.000000, 0.000000) (0.000000, 0.000000) 
(2.055000, 0.670715, 0.656015) (1.000000, 0.000000, 0.000000) (0.000000, 0.000000) 
(2.060000, 0.682122, 0.624469) (1.000000, 0.000000, 0.000000) (0.000000, 0.000000) 
(2.065000, 0.692743, 0.592879) (1.000000, 0.000000, 0.000000) (0.000000, 0.000000) 
(2.070000, 0.702570, 0.561250) (1.000000, 0.000000, 0.000000) (0.000000, 0.000000) 
(2.075000, 0.711595, 0.529579) (1.000000, 0.000000, 0.000000) (0.000000, 0.000000) 
(2.080000, 0.719812, 0.497869) (1.000000, 0.000000, 0.000000) (0.000000, 0.000000) 
(2.085000, 0.727218, 0.466120) (1.000000, 0.000000, 0.000000) (0.000000, 0.000000) 
(2.090000, 0.733807, 0.434334) (1.000000, 0.000000, 0.000000) (0.000000, 0.000000) 
(2.095000, 0.739578, 0.402510) (1.000000, 0.000000, 0.000000) (0.000000, 0.000000) 
(2.100000, 0.744530, 0.370651) (1.000000, 0.000000, 0.000000) (0.000000, 0.000000) 
(2.105000, 0.748662, 0.338755) (1.000000, 0.000000, 0.000000) (0.000000, 0.000000) 
(2.110000, 0.751976, 0.306826) (1.000000, 0.000000, 0.000000) (0.000000, 0.000000) 
(2.115000, 0.754473, 0.274863) (1.000000, 0.000000, 0.000000) (0.000000, 0.000000) 
(2.120000, 0.756157, 0.242868) (1.000000, 0.000000, 0.000000) (0.000000, 0.000000) 
(2.125000, 0.757032, 0.210840) (1.000000, 0.000000, 0.000000) (0.000000, 0.000000) 
(2.130000, 0.757105, 0.178782) (1.000000, 0.000000, 0.000000) (0.000000, 0.000000) 
(2.135000, 0.756381, 0.146693) (1.000000, 0.000000, 0.000000) (0.000000, 0.000000) 
(2.140000, 0.754869, 0.114576) (1.000000, 0.000000, 0.000000) (0.000000, 0.000000) 
(2.145000, 0.752577, 0.082430) (1.000000, 0.000000, 0.000000) (0.000000, 0.000000) 
(2.150000, 0.749515, 0.050257) (1.000000, 0.000000, 0.000000) (0.000000, 0.000000) 
(2.155000, 0.745695, 0.018056) (1.000000, 0.000000, 0.000000) (0.000000, 0.000000) 
(2.160000, 0.741129, -0.014169) (1.000000, 0.000000, 0.000000) (0.000000, 0.000000) 
(2.165000, 0.735829, -0.046420) (1.000000, 0.000000, 0.000000) (0.000000, 0.000000) 
(2.170000, 0.729811, -0.078694) (1.000000, 0.000000, 0.000000) (0.000000, 0.000000) 
(2.175000, 0.723087, -0.110993) (1.000000, 0.000000, 0.000000) (0.000000, 0.000000) 
(2.180000, 0.715675, -0.143314) (1.000000, 0.000000, 0.000000) (0.000000, 0.000000) 
(2.185000, 0.707592, -0.175655) (1.000000, 0.000000, 0.000000) (0.000000, 0.000000) 
(2.190000, 0.698855, -0.208018) (1.000000, 0.000000, 0.000000) (0.000000, 0.000000) 
(2.195000, 0.689483, -0.240399) (1.000000, 0.000000, 0.000000) (0.000000, 0.000000) 
(2.200000, 0.679494, -0.272800) (1.000000, 0.000000, 0.000000) (0.000000, 0.000000) 
(2.205000, 0.668910, -0.305218) (1.000000, 0.000000, 0.000000) (0.000000, 0.000000) 
(2.210000, 0.657749, -0.337655) (1.000000, 0.000000, 0.000000) (0.000000, 0.000000) 
(2.215000, 0.646036, -0.370107) (1.000000, 0.000000, 0.000000) (0.000000, 0.000000) 
(2.220000, 0.633790, -0.402575) (1.000000, 0.000000, 0.000000) (0.000000, 0.000000) 
(2.225000, 0.621036, -0.435056) (1.000000, 0.000000, 0.000000) (0.000000, 0.000000) 
(2.230000, 0.607795, -0.467553) (1.000000, 0.000000, 0.000000) (0.000000, 0.000000) 
(2.235000, 0.594093, -0.500061) (1.000000, 0.000000, 0.000000) (0.000000, 0.000000) 
(2.240000, 0.579952, -0.532582) (1.000000, 0.000000, 0.000000) (0.000000, 0.000000) 
(2.245000, 0.565399, -0.565113) (1.000000, 0.000000, 0.000000) (0.000000, 0.000000) 
(2.250000, 0.550456, -0.597656) (1.000000, 0.000000, 0.000000) (0.000000, 0.000000) 
(2.255000, 0.535151, -0.630207) (1.000000, 0.000000, 0.000000) (0.000000, 0.000000) 
(2.260000, 0.519509, -0.662768) (1.000000, 0.000000, 0.000000) (0.000000, 0.000000) 
(2.265000, 0.503555, -0.695334) (1.000000, 0.000000, 0.000000) (0.000000, 0.000000) 
(2.270000, 0.487315, -0.727909) (1.000000, 0.000000, 0.000000) (0.000000, 0.000000) 
(2.275000, 0.470817, -0.760489) (1.000000, 0.000000, 0.000000) (0.000000, 0.000000) 
(2.280000, 0.454085, -0.793075) (1.000000, 0.000000, 0.000000) (0.000000, 0.000000) 
(2.285000, 0.437147, -0.825664) (1.000000, 0.000000, 0.000000) (0.000000, 0.000000) 
(2.290000, 0.420027, -0.858257) (1.000000, 0.000000, 0.000000) (0.000000, 0.000000) 
(2.295000, 0.402755, -0.890852) (1.000000, 0.000000, 0.000000) (0.000000, 0.000000) 
(2.300000, 0.385354, -0.923450) (1.000000, 0.000000, 0.000000) (0.000000, 0.000000) 
(2.305000, 0.367851, -0.956048) (1.000000, 0.000000, 0.000000) (0.000000, 0.000000) 
(2.310000, 0.350274, -0.988645) (1.000000, 0.000000, 0.000000) (0.000000, 0.000000) 
(2.315000, 0.332645, -1.021242) (1.000000, 0.000000, 0.000000) (0.000000, 0.000000) 
(2.320000, 0.314993, -1.053836) (1.000000, 0.000000, 0.000000) (0.000000, 0.000000) 
(2.325000, 0.297340, -1.086429) (1.000000, 0.000000, 0.000000) (0.000000, 0.000000) 
(2.330000, 0.279714, -1.119017) (1.000000, 0.000000, 0.000000) (0.000000, 0.000000) 
(2.335000, 0.262137, -1.151602) (1.000000, 0.000000, 0.000000) (0.000000, 0.000000) 
(2.340000, 0.244634, -1.184180) (1.000000, 0.000000, 0.000000) (0.000000, 0.000000) 
(2.345000, 0.227227, -1.216753) (1.000000, 0.000000, 0.000000) (0.000000, 0.000000) 
(2.350000, 0.209942, -1.249318) (1.000000, 0.000000, 0.000000) (0.000000, 0.000000) 
(2.355000, 0.192799, -1.281877) (1.000000, 0.000000, 0.000000) (0.000000, 0.000000) 
(2.360000, 0.175821, -1.314425) (1.000000, 0.000000, 0.000000) (0.000000, 0.000000) 
(2.365000, 0.159029, -1.346965) (1.000000, 0.000000, 0.000000) (0.000000, 0.000000) 
(2.370000, 0.142445, -1.379493) (1.000000, 0.000000, 0.000000) (0.000000, 0.000000) 
(2.375000, 0.126086, -1.412012) (1.000000, 0.000000, 0.000000) (0.000000, 0.000000) 
(2.380000, 0.109975, -1.444516) (1.000000, 0.000000, 0.000000) (0.000000, 0.000000) 
(2.385000, 0.094129, -1.477010) (1.000000, 0.000000, 0.000000) (0.000000, 0.000000) 
(2.390000, 0.078566, -1.509487) (1.000000, 0.000000, 0.000000) (0.000000, 0.000000) 
(2.395000, 0.063302, -1.541952) (1.000000, 0.000000, 0.000000) (0.000000, 0.000000) 
(2.400000, 0.048356, -1.574399) (1.000000, 0.000000, 0.000000) (0.000000, 0.000000) 
(2.405000, 0.033742, -1.606831) (1.000000, 0.000000, 0.000000) (0.000000, 0.000000) 
(2.410000, 0.019475, -1.639245) (1.000000, 0.000000, 0.000000) (0.000000, 0.000000) 
(2.415000, 0.005569, -1.671642) (1.000000, 0.000000, 0.000000) (0.000000, 0.000000) 
(2.420000, -0.007962, -1.704018) (1.000000, 0.000000, 0.000000) (0.000000, 0.000000) 
(2.425000, -0.021107, -1.736375) (1.000000, 0.000000, 0.000000) (0.000000, 0.000000) 
(2.430000, -0.033853, -1.768711) (1.000000, 0.000000, 0.000000) (0.000000, 0.000000) 
(2.435000, -0.046191, -1.801026) (1.000000, 0.000000, 0.000000) (0.000000, 0.000000) 
(2.440000, -0.058111, -1.833319) (1.000000, 0.000000, 0.000000) (0.000000, 0.000000) 
(2.445000, -0.069604, -1.865587) (1.000000, 0.000000, 0.000000) (0.000000, 0.000000) 
(2.450000, -0.080661, -1.897832) (1.000000, 0.000000, 0.000000) (0.000000, 0.000000) 
(2.455000, -0.091276, -1.930050) (1.000000, 0.000000, 0.000000) (0.000000, 0.000000) 
(2.460000, -0.101443, -1.962244) (1.000000, 0.000000, 0.000000) (0.000000, 0.000000) 
(2.465000, -0.111155, -1.994409) (1.000000, 0.000000, 0.000000) (0.000000, 0.000000) 
(2.470000, -0.120410, -2.026549) (1.000000, 0.000000, 0.000000) (0.000000, 0.000000) 
(2.475000, -0.129203, -2.058658) (1.000000, 0.000000, 0.000000) (0.000000, 0.000000) 
(2.480000, -0.137532, -2.090739) (1.000000, 0.000000, 0.000000) (0.000000, 0.000000) 
(2.485000, -0.145393, -2.122789) (1.000000, 0.000000, 0.000000) (0.000000, 0.000000) 
(2.490000, -0.152788, -2.154809) (1.000000, 0.000000, 0.000000) (0.000000, 0.000000) 
(2.495000, -0.159715, -2.186795) (1.000000, 0.000000, 0.000000) (0.000000, 0.000000) 
(2.500000, -0.166175, -2.218750) (1.000000, 0.000000, 0.000000) (0.000000, 0.000000) 
(2.505000, -0.172169, -2.250670) (1.000000, 0.000000, 0.000000) (0.000000, 0.000000) 
(2.510000, -0.177700, -2.282556) (1.000000, 0.000000, 0.000000) (0.000000, 0.000000) 
(2.515000, -0.182770, -2.314406) (1.000000, 0.000000, 0.000000) (0.000000, 0.000000) 
(2.520000, -0.187383, -2.346221) (1.000000, 0.000000, 0.000000) (0.000000, 0.000000) 
(2.525000, -0.191543, -2.377997) (1.000000, 0.000000, 0.000000) (0.000000, 0.000000) 
(2.530000, -0.195256, -2.409736) (1.000000, 0.000000, 0.000000) (0.000000, 0.000000) 
(2.535000, -0.198527, -2.441435) (1.000000, 0.000000, 0.000000) (0.000000, 0.000000) 
(2.540000, -0.201362, -2.473096) (1.000000, 0.000000, 0.000000) (0.000000, 0.000000) 
(2.545000, -0.203769, -2.504715) (1.000000, 0.000000, 0.000000) (0.000000, 0.000000) 
(2.550000, -0.205754, -2.536294) (1.000000, 0.000000, 0.000000) (0.000000, 0.000000) 
(2.555000, -0.207327, -2.567828) (1.000000, 0.000000, 0.000000) (0.000000, 0.000000) 
(2.560000, -0.208496, -2.599321) (1.000000, 0.000000, 0.000000) (0.000000, 0.000000) 
(2.565000, -0.209270, -2.630770) (1.000000, 0.000000, 0.000000) (0.000000, 0.000000) 
(2.570000, -0.209658, -2.662173) (1.000000, 0.000000, 0.000000) (0.000000, 0.000000) 
(2.575000, -0.209672, -2.693531) (1.000000, 0.000000, 0.000000) (0.000000, 0.000000) 
(2.580000, -0.209320, -2.724841) (1.000000, 0.000000, 0.000000) (0.000000, 0.000000) 
(2.585000, -0.208615, -2.756105) (1.000000, 0.000000, 0.000000) (0.000000, 0.000000) 
(2.590000, -0.207568, -2.787319) (1.000000, 0.000000, 0.000000) (0.000000, 0.000000) 
(2.595000, -0.206190, -2.818485) (1.000000, 0.000000, 0.000000) (0.000000, 0.000000) 
(2.600000, -0.204493, -2.849599) (1.000000, 0.000000, 0.000000) (0.000000, 0.000000) 
(2.605000, -0.202490, -2.880665) (1.000000, 0.000000, 0.000000) (0.000000, 0.000000) 
(2.610000, -0.200193, -2.911676) (1.000000, 0.000000, 0.000000) (0.000000, 0.000000) 
(2.615000, -0.197614, -2.942637) (1.000000, 0.000000, 0.000000) (0.000000, 0.000000) 
(2.620000, -0.194767, -2.973542) (1.000000, 0.000000, 0.000000) (0.000000, 0.000000) 
(2.625000, -0.191665, -3.004395) (1.000000, 0.000000, 0.000000) (0.000000, 0.000000) 
(2.630000, -0.188320, -3.035190) (1.000000, 0.000000, 0.000000) (0.000000, 0.000000) 
(2.635000, -0.184746, -3.065931) (1.000000, 0.000000, 0.000000) (0.000000, 0.000000) 
(2.640000, -0.180957, -3.096614) (1.000000, 0.000000, 0.000000) (0.000000, 0.000000) 
(2.645000, -0.176965, -3.127240) (1.000000, 0.000000, 0.000000) (0.000000, 0.000000) 
(2.650000, -0.172784, -3.157805) (1.000000, 0.000000, 0.000000) (0.000000, 0.000000) 
(2.655000, -0.168427, -3.188313) (1.000000, 0.000000, 0.000000) (0.000000, 0.000000) 
(2.660000, -0.163908, -3.218759) (1.000000, 0.000000, 0.000000) (0.000000, 0.000000) 
(2.665000, -0.159239, -3.249145) (1.000000, 0.000000, 0.000000) (0.000000, 0.000000) 
(2.670000, -0.154435, -3.279467) (1.000000, 0.000000, 0.000000) (0.000000, 0.000000) 
(2.675000, -0.149508, -3.309727) (1.000000, 0.000000, 0.000000) (0.000000, 0.000000) 
(2.680000, -0.144470, -3.339922) (1.000000, 0.000000, 0.000000) (0.000000, 0.000000) 
(2.685000, -0.139335, -3.370054) (1.000000, 0.000000, 0.000000) (0.000000, 0.000000) 
(2.690000, -0.134115, -3.400120) (1.000000, 0.000000, 0.000000) (0.000000, 0.000000) 
(2.695000, -0.128823, -3.430118) (1.000000, 0.000000, 0.000000) (0.000000, 0.000000) 
(2.700000, -0.123470, -3.460050) (1.000000, 0.000000, 0.000000) (0.000000, 0.000000) 
(2.705000, -0.118068, -3.489913) (1.000000, 0.000000, 0.000000) (0.000000, 0.000000) 
(2.710000, -0.112629, -3.519708) (1.000000, 0.000000, 0.000000) (0.000000, 0.000000) 
(2.715000, -0.107164, -3.549431) (1.000000, 0.000000, 0.000000) (0.000000, 0.000000) 
(2.720000, -0.101685, -3.579085) (1.000000, 0.000000, 0.000000) (0.000000, 0.000000) 
(2.725000, -0.096201, -3.608666) (1.000000, 0.000000, 0.000000) (0.000000, 0.000000) 
(2.730000, -0.090723, -3.638175) (1.000000, 0.000000, 0.000000) (0.000000, 0.000000) 
(2.735000, -0.085262, -3.667610) (1.000000, 0.000000, 0.000000) (0.000000, 0.000000) 
(2.740000, -0.079826, -3.696972) (1.000000, 0.000000, 0.000000) (0.000000, 0.000000) 
(2.745000, -0.074426, -3.726258) (1.000000, 0.000000, 0.000000) (0.000000, 0.000000) 
(2.750000, -0.069070, -3.755469) (1.000000, 0.000000, 0.000000) (0.000000, 0.000000) 
(2.755000, -0.063766, -3.784601) (1.000000, 0.000000, 0.000000) (0.000000, 0.000000) 
(2.760000, -0.058523, -3.813658) (1.000000, 0.000000, 0.000000) (0.000000, 0.000000) 
(2.765000, -0.053349, -3.842634) (1.000000, 0.000000, 0.000000) (0.000000, 0.000000) 
(2.770000, -0.048250, -3.871532) (1.000000, 0.000000, 0.000000) (0.000000, 0.000000) 
(2.775000, -0.043235, -3.900348) (1.000000, 0.000000, 0.000000) (0.000000, 0.000000) 
(2.780000, -0.038308, -3.929085) (1.000000, 0.000000, 0.000000) (0.000000, 0.000000) 
(2.785000, -0.033478, -3.957738) (1.000000, 0.000000, 0.000000) (0.000000, 0.000000) 
(2.790000, -0.028748, -3.986310) (1.000000, 0.000000, 0.000000) (0.000000, 0.000000) 
(2.795000, -0.024125, -4.014796) (1.000000, 0.000000, 0.000000) (0.000000, 0.000000) 
(2.800000, -0.019614, -4.043200) (1.000000, 0.000000, 0.000000) (0.000000, 0.000000) 
(2.805000, -0.015219, -4.071516) (1.000000, 0.000000, 0.000000) (0.000000, 0.000000) 
(2.810000, -0.010943, -4.099748) (1.000000, 0.000000, 0.000000) (0.000000, 0.000000) 
(2.815000, -0.006792, -4.127891) (1.000000, 0.000000, 0.000000) (0.000000, 0.000000) 
(2.820000, -0.002767, -4.155946) (1.000000, 0.000000, 0.000000) (0.000000, 0.000000) 
(2.825000, 0.001128, -4.183914) (1.000000, 0.000000, 0.000000) (0.000000, 0.000000) 
(2.830000, 0.004890, -4.211790) (1.000000, 0.000000, 0.000000) (0.000000, 0.000000) 
(2.835000, 0.008518, -4.239576) (1.000000, 0.000000, 0.000000) (0.000000, 0.000000) 
(2.840000, 0.012010, -4.267270) (1.000000, 0.000000, 0.000000) (0.000000, 0.000000) 
(2.845000, 0.015364, -4.294873) (1.000000, 0.000000, 0.000000) (0.000000, 0.000000) 
(2.850000, 0.018579, -4.322381) (1.000000, 0.000000, 0.000000) (0.000000, 0.000000) 
(2.855000, 0.021656, -4.349796) (1.000000, 0.000000, 0.000000) (0.000000, 0.000000) 
(2.860000, 0.024592, -4.377115) (1.000000, 0.000000, 0.000000) (0.000000, 0.000000) 
(2.865000, 0.027390, -4.404339) (1.000000, 0.000000, 0.000000) (0.000000, 0.000000) 
(2.870000, 0.030048, -4.431466) (1.000000, 0.000000, 0.000000) (0.000000, 0.000000) 
(2.875000, 0.032568, -4.458496) (1.000000, 0.000000, 0.000000) (0.000000, 0.000000) 
(2.880000, 0.034950, -4.485426) (1.000000, 0.000000, 0.000000) (0.000000, 0.000000) 
(2.885000, 0.037196, -4.512259) (1.000000, 0.000000, 0.000000) (0.000000, 0.000000) 
(2.890000, 0.039307, -4.538990) (1.000000, 0.000000, 0.000000) (0.000000, 0.000000) 
(2.895000, 0.041286, -4.565621) (1.000000, 0.000000, 0.000000) (0.000000, 0.000000) 
(2.900000, 0.043134, -4.592149) (1.000000, 0.000000, 0.000000) (0.000000, 0.000000) 
(2.905000, 0.044854, -4.618576) (1.000000, 0.000000, 0.000000) (0.000000, 0.000000) 
(2.910000, 0.046447, -4.644897) (1.000000, 0.000000, 0.000000) (0.000000, 0.000000) 
(2.915000, 0.047917, -4.671116) (1.000000, 0.000000, 0.000000) (0.000000, 0.000000) 
(2.920000, 0.049268, -4.697228) (1.000000, 0.000000, 0.000000) (0.000000, 0.000000) 
(2.925000, 0.050501, -4.723235) (1.000000, 0.000000, 0.000000) (0.000000, 0.000000) 
(2.930000, 0.051620, -4.749134) (1.000000, 0.000000, 0.000000) (0.000000, 0.000000) 
(2.935000, 0.052630, -4.774926) (1.000000, 0.000000, 0.000000) (0.000000, 0.000000) 
(2.940000, 0.053532, -4.800608) (1.000000, 0.000000, 0.000000) (0.000000, 0.000000) 
(2.945000, 0.054332, -4.826181) (1.000000, 0.000000, 0.000000) (0.000000, 0.000000) 
(2.950000, 0.055033, -4.851644) (1.000000, 0.000000, 0.000000) (0.000000, 0.000000) 
(2.955000, 0.055639, -4.876995) (1.000000, 0.000000, 0.000000) (0.000000, 0.000000) 
(2.960000, 0.056155, -4.902234) (1.000000, 0.000000, 0.000000) (0.000000, 0.000000) 
(2.965000, 0.056583, -4.927359) (1.000000, 0.000000, 0.000000) (0.000000, 0.000000) 
(2.970000, 0.056930, -4.952371) (1.000000, 0.000000, 0.000000) (0.000000, 0.000000) 
(2.975000, 0.057199, -4.977267) (1.000000, 0.000000, 0.000000) (0.000000, 0.000000) 
(2.980000, 0.057394, -5.002049) (1.000000, 0.000000, 0.000000) (0.000000, 0.000000) 
(2.985000, 0.057520, -5.026713) (1.000000, 0.000000, 0.000000) (0.000000, 0.000000) 
(2.990000, 0.057581, -5.051261) (1.000000, 0.000000, 0.000000) (0.000000, 0.000000) 
(2.995000, 0.057582, -5.075690) (1.000000, 0.000000, 0.000000) (0.000000, 0.000000) 
(3.000000, 0.057527, -5.100000) (1.000000, 0.000000, 0.000000) (0.000000, 0.000000) 
(3.005000, 0.057422, -5.124189) (1.000000, 0.000000, 0.000000) (0.000000, 0.000000) 
(3.010000, 0.057269, -5.148259) (1.000000, 0.000000, 0.000000) (0.000000, 0.000000) 
(3.015000, 0.057074, -5.172205) (1.000000, 0.000000, 0.000000) (0.000000, 0.000000) 
(3.020000, 0.056841, -5.196031) (1.000000, 0.000000, 0.000000) (0.000000, 0.000000) 
(3.025000, 0.056575, -5.219731) (1.000000, 0.000000, 0.000000) (0.000000, 0.000000) 
(3.030000, 0.056279, -5.243309) (1.000000, 0.000000, 0.000000) (0.000000, 0.000000) 
(3.035000, 0.055958, -5.266760) (1.000000, 0.000000, 0.000000) (0.000000, 0.000000) 
(3.040000, 0.055617, -5.290086) (1.000000, 0.000000, 0.000000) (0.000000, 0.000000) 
(3.045000, 0.055259, -5.313284) (1.000000, 0.000000, 0.000000) (0.000000, 0.000000) 
(3.050000, 0.054888, -5.336356) (1.000000, 0.000000, 0.000000) (0.000000, 0.000000) 
(3.055000, 0.054508, -5.359298) (1.000000, 0.000000, 0.000000) (0.000000, 0.000000) 
(3.060000, 0.054124, -5.382112) (1.000000, 0.000000, 0.000000) (0.000000, 0.000000) 
(3.065000, 0.053738, -5.404793) (1.000000, 0.000000, 0.000000) (0.000000, 0.000000) 
(3.070000, 0.053354, -5.427345) (1.000000, 0.000000, 0.000000) (0.000000, 0.000000) 
(3.075000, 0.052977, -5.449765) (1.000000, 0.000000, 0.000000) (0.000000, 0.000000) 
(3.080000, 0.052609, -5.472051) (1.000000, 0.000000, 0.000000) (0.000000, 0.000000) 
(3.085000, 0.052254, -5.494204) (1.000000, 0.000000, 0.000000) (0.000000, 0.000000) 
(3.090000, 0.051915, -5.516221) (1.000000, 0.000000, 0.000000) (0.000000, 0.000000) 
(3.095000, 0.051595, -5.538104) (1.000000, 0.000000, 0.000000) (0.000000, 0.000000) 
(3.100000, 0.051296, -5.559850) (1.000000, 0.000000, 0.000000) (0.000000, 0.000000) 
(3.105000, 0.051022, -5.581459) (1.000000, 0.000000, 0.000000) (0.000000, 0.000000) 
(3.110000, 0.050776, -5.602929) (1.000000, 0.000000, 0.000000) (0.000000, 0.000000) 
(3.115000, 0.050559, -5.624261) (1.000000, 0.000000, 0.000000) (0.000000, 0.000000) 
(3.120000, 0.050375, -5.645452) (1.000000, 0.000000, 0.000000) (0.000000, 0.000000) 
(3.125000, 0.050225, -5.666504) (1.000000, 0.000000, 0.000000) (0.000000, 0.000000) 
(3.130000, 0.050111, -5.687413) (1.000000, 0.000000, 0.000000) (0.000000, 0.000000) 
(3.135000, 0.050036, -5.708180) (1.000000, 0.000000, 0.000000) (0.000000, 0.000000) 
(3.140000, 0.050002, -5.728804) (1.000000, 0.000000, 0.000000) (0.000000, 0.000000) 
(3.145000, 0.050010, -5.749284) (1.000000, 0.000000, 0.000000) (0.000000, 0.000000) 
(3.150000, 0.050062, -5.769618) (1.000000, 0.000000, 0.000000) (0.000000, 0.000000) 
(3.155000, 0.050158, -5.789807) (1.000000, 0.000000, 0.000000) (0.000000, 0.000000) 
(3.160000, 0.050302, -5.809849) (1.000000, 0.000000, 0.000000) (0.000000, 0.000000) 
(3.165000, 0.050492, -5.829744) (1.000000, 0.000000, 0.000000) (0.000000, 0.000000) 
(3.170000, 0.050732, -5.849489) (1.000000, 0.000000, 0.000000) (0.000000, 0.000000) 
(3.175000, 0.051021, -5.869087) (1.000000, 0.000000, 0.000000) (0.000000, 0.000000) 
(3.180000, 0.051361, -5.888533) (1.000000, 0.000000, 0.000000) (0.000000, 0.000000) 
(3.185000, 0.051752, -5.907828) (1.000000, 0.000000, 0.000000) (0.000000, 0.000000) 
(3.190000, 0.052194, -5.926971) (1.000000, 0.000000, 0.000000) (0.000000, 0.000000) 
(3.195000, 0.052689, -5.945962) (1.000000, 0.000000, 0.000000) (0.000000, 0.000000) 
(3.200000, 0.053236, -5.964799) (1.000000, 0.000000, 0.000000) (0.000000, 0.000000) 
(3.205000, 0.053836, -5.983482) (1.000000, 0.000000, 0.000000) (0.000000, 0.000000) 
(3.210000, 0.054489, -6.002010) (1.000000, 0.000000, 0.000000) (0.000000, 0.000000) 
(3.215000, 0.055194, -6.020380) (1.000000, 0.000000, 0.000000) (0.000000, 0.000000) 
(3.220000, 0.055953, -6.038595) (1.000000, 0.000000, 0.000000) (0.000000, 0.000000) 
(3.225000, 0.056763, -6.056651) (1.000000, 0.000000, 0.000000) (0.000000, 0.000000) 
(3.230000, 0.057626, -6.074548) (1.000000, 0.000000, 0.000000) (0.000000, 0.000000) 
(3.235000, 0.058542, -6.092285) (1.000000, 0.000000, 0.000000) (0.000000, 0.000000) 
(3.240000, 0.059508, -6.109862) (1.000000, 0.000000, 0.000000) (0.000000, 0.000000) 
(3.245000, 0.060526, -6.127277) (1.000000, 0.000000, 0.000000) (0.000000, 0.000000) 
(3.250000, 0.061594, -6.144531) (1.000000, 0.000000, 0.000000) (0.000000, 0.000000) 
(3.255000, 0.062712, -6.161621) (1.000000, 0.000000, 0.000000) (0.000000, 0.000000) 
(3.260000, 0.063879, -6.178547) (1.000000, 0.000000, 0.000000) (0.000000, 0.000000) 
(3.265000, 0.065094, -6.195309) (1.000000, 0.000000, 0.000000) (0.000000, 0.000000) 
(3.270000, 0.066356, -6.211905) (1.000000, 0.000000, 0.000000) (0.000000, 0.000000) 
(3.275000, 0.067666, -6.228333) (1.000000, 0.000000, 0.000000) (0.000000, 0.000000) 
(3.280000, 0.069020, -6.244595) (1.000000, 0.000000, 0.000000) (0.000000, 0.000000) 
(3.285000, 0.070420, -6.260688) (1.000000, 0.000000, 0.000000) (0.000000, 0.000000) 
(3.290000, 0.071863, -6.276613) (1.000000, 0.000000, 0.000000) (0.000000, 0.000000) 
(3.295000, 0.073349, -6.292366) (1.000000, 0.000000, 0.000000) (0.000000, 0.000000) 
(3.300000, 0.074876, -6.307950) (1.000000, 0.000000, 0.000000) (0.000000, 0.000000) 
(3.305000, 0.076444, -6.323361) (1.000000, 0.000000, 0.000000) (0.000000, 0.000000) 
(3.310000, 0.078051, -6.338600) (1.000000, 0.000000, 0.000000) (0.000000, 0.000000) 
(3.315000, 0.079696, -6.353665) (1.000000, 0.000000, 0.000000) (0.000000, 0.000000) 
(3.320000, 0.081378, -6.368556) (1.000000, 0.000000, 0.000000) (0.000000, 0.000000) 
(3.325000, 0.083096, -6.383272) (1.000000, 0.000000, 0.000000) (0.000000, 0.000000) 
(3.330000, 0.084849, -6.397812) (1.000000, 0.000000, 0.000000) (0.000000, 0.000000) 
(3.335000, 0.086635, -6.412176) (1.000000, 0.000000, 0.000000) (0.000000, 0.000000) 
(3.340000, 0.088454, -6.426360) (1.000000, 0.000000, 0.000000) (0.000000, 0.000000) 
(3.345000, 0.090304, -6.440367) (1.000000, 0.000000, 0.000000) (0.000000, 0.000000) 
(3.350000, 0.092184, -6.454194) (1.000000, 0.000000, 0.000000) (0.000000, 0.000000) 
(3.355000, 0.094093, -6.467840) (1.000000, 0.000000, 0.000000) (0.000000, 0.000000) 
(3.360000, 0.096030, -6.481305) (1.000000, 0.000000, 0.000000) (0.000000, 0.000000) 
(3.365000, 0.097993, -6.494589) (1.000000, 0.000000, 0.000000) (0.000000, 0.000000) 
(3.370000, 0.099982, -6.507689) (1.000000, 0.000000, 0.000000) (0.000000, 0.000000) 
(3.375000, 0.101996, -6.520606) (1.000000, 0.000000, 0.000000) (0.000000, 0.000000) 
(3.380000, 0.104033, -6.533337) (1.000000, 0.000000, 0.000000) (0.000000, 0.000000) 
(3.385000, 0.106093, -6.545883) (1.000000, 0.000000, 0.000000) (0.000000, 0.000000) 
(3.390000, 0.108175, -6.558243) (1.000000, 0.000000, 0.000000) (0.000000, 0.000000) 
(3.395000, 0.110278, -6.570415) (1.000000, 0.000000, 0.000000) (0.000000, 0.000000) 
(3.400000, 0.112400, -6.582400) (1.000000, 0.000000, 0.000000) (0.000000, 0.000000) 
(3.405000, 0.114541, -6.594195) (1.000000, 0.000000, 0.000000) (0.000000, 0.000000) 
(3.410000, 0.116701, -6.605801) (1.000000, 0.000000, 0.000000) (0.000000, 0.000000) 
(3.415000, 0.118878, -6.617216) (1.000000, 0.000000, 0.000000) (0.000000, 0.000000) 
(3.420000, 0.121072, -6.628438) (1.000000, 0.000000, 0.000000) (0.000000, 0.000000) 
(3.425000, 0.123282, -6.639470) (1.000000, 0.000000, 0.000000) (0.000000, 0.000000) 
(3.430000, 0.125507, -6.650307) (1.000000, 0.000000, 0.000000) (0.000000, 0.000000) 
(3.435000, 0.127748, -6.660950) (1.000000, 0.000000, 0.000000) (0.000000, 0.000000) 
(3.440000, 0.130003, -6.671398) (1.000000, 0.000000, 0.000000) (0.000000, 0.000000) 
(3.445000, 0.132272, -6.681651) (1.000000, 0.000000, 0.000000) (0.000000, 0.000000) 
(3.450000, 0.134555, -6.691706) (1.000000, 0.000000, 0.000000) (0.000000, 0.000000) 
(3.455000, 0.136852, -6.701564) (1.000000, 0.000000, 0.000000) (0.000000, 0.000000) 
(3.460000, 0.139161, -6.711224) (1.000000, 0.000000, 0.000000) (0.000000, 0.000000) 
(3.465000, 0.141484, -6.720684) (1.000000, 0.000000, 0.000000) (0.000000, 0.000000) 
(3.470000, 0.143819, -6.729944) (1.000000, 0.000000, 0.000000) (0.000000, 0.000000) 
(3.475000, 0.146167, -6.739002) (1.000000, 0.000000, 0.000000) (0.000000, 0.000000) 
(3.480000, 0.148528, -6.747859) (1.000000, 0.000000, 0.000000) (0.000000, 0.000000) 
(3.485000, 0.150901, -6.756513) (1.000000, 0.000000, 0.000000) (0.000000, 0.000000) 
(3.490000, 0.153288, -6.764964) (1.000000, 0.000000, 0.000000) (0.000000, 0.000000) 
(3.495000, 0.155687, -6.773209) (1.000000, 0.000000, 0.000000) (0.000000, 0.000000) 
(3.500000, 0.158100, -6.781250) (1.000000, 0.000000, 0.000000) (0.000000, 0.000000) 
(3.505000, 0.160526, -6.789084) (1.000000, 0.000000, 0.000000) (0.000000, 0.000000) 
(3.510000, 0.162965, -6.796711) (1.000000, 0.000000, 0.000000) (0.000000, 0.000000) 
(3.515000, 0.165420, -6.804130) (1.000000, 0.000000, 0.000000) (0.000000, 0.000000) 
(3.520000, 0.167889, -6.811341) (1.000000, 0.000000, 0.000000) (0.000000, 0.000000) 
(3.525000, 0.170373, -6.818341) (1.000000, 0.000000, 0.000000) (0.000000, 0.000000) 
(3.530000, 0.172873, -6.825131) (1.000000, 0.000000, 0.000000) (0.000000, 0.000000) 
(3.535000, 0.175390, -6.831710) (1.000000, 0.000000, 0.000000) (0.000000, 0.000000) 
(3.540000, 0.177924, -6.838076) (1.000000, 0.000000, 0.000000) (0.000000, 0.000000) 
(3.545000, 0.180476, -6.844229) (1.000000, 0.000000, 0.000000) (0.000000, 0.000000) 
(3.550000, 0.183046, -6.850169) (1.000000, 0.000000, 0.000000) (0.000000, 0.000000) 
(3.555000, 0.185637, -6.855893) (1.000000, 0.000000, 0.000000) (0.000000, 0.000000) 
(3.560000, 0.188248, -6.861402) (1.000000, 0.000000, 0.000000) (0.000000, 0.000000) 
(3.565000, 0.190881, -6.866693) (1.000000, 0.000000, 0.000000) (0.000000, 0.000000) 
(3.570000, 0.193536, -6.871768) (1.000000, 0.000000, 0.000000) (0.000000, 0.000000) 
(3.575000, 0.196215, -6.876624) (1.000000, 0.000000, 0.000000) (0.000000, 0.000000) 
(3.580000, 0.198920, -6.881261) (1.000000, 0.000000, 0.000000) (0.000000, 0.000000) 
(3.585000, 0.201650, -6.885678) (1.000000, 0.000000, 0.000000) (0.000000, 0.000000) 
(3.590000, 0.204408, -6.889874) (1.000000, 0.000000, 0.000000) (0.000000, 0.000000) 
(3.595000, 0.207194, -6.893848) (1.000000, 0.000000, 0.000000) (0.000000, 0.000000) 
(3.600000, 0.210010, -6.897600) (1.000000, 0.000000, 0.000000) (0.000000, 0.000000) 
(3.605000, 0.212858, -6.901128) (1.000000, 0.000000, 0.000000) (0.000000, 0.000000) 
(3.610000, 0.215738, -6.904432) (1.000000, 0.000000, 0.000000) (0.000000, 0.000000) 
(3.615000, 0.218652, -6.907510) (1.000000, 0.000000, 0.000000) (0.000000, 0.000000) 
(3.620000, 0.221602, -6.910363) (1.000000, 0.000000, 0.000000) (0.000000, 0.000000) 
(3.625000, 0.224590, -6.912988) (1.000000, 0.000000, 0.000000) (0.000000, 0.000000) 
(3.630000, 0.227615, -6.915386) (1.000000, 0.000000, 0.000000) (0.000000, 0.000000) 
(3.635000, 0.230682, -6.917555) (1.000000, 0.000000, 0.000000) (0.000000, 0.000000) 
(3.640000, 0.233789, -6.919494) (1.000000, 0.000000, 0.000000) (0.000000, 0.000000) 
(3.645000, 0.236941, -6.921204) (1.000000, 0.000000, 0.000000) (0.000000, 0.000000) 
(3.650000, 0.240137, -6.922681) (1.000000, 0.000000, 0.000000) (0.000000, 0.000000) 
(3.655000, 0.243380, -6.923927) (1.000000, 0.000000, 0.000000) (0.000000, 0.000000) 
(3.660000, 0.246671, -6.924940) (1.000000, 0.000000, 0.000000) (0.000000, 0.000000) 
(3.665000, 0.250012, -6.925718) (1.000000, 0.000000, 0.000000) (0.000000, 0.000000) 
(3.670000, 0.253405, -6.926262) (1.000000, 0.000000, 0.000000) (0.000000, 0.000000) 
(3.675000, 0.256852, -6.926571) (1.000000, 0.000000, 0.000000) (0.000000, 0.000000) 
(3.680000, 0.260353, -6.926643) (1.000000, 0.000000, 0.000000) (0.000000, 0.000000) 
(3.685000, 0.263911, -6.926478) (1.000000, 0.000000, 0.000000) (0.000000, 0.000000) 
(3.690000, 0.267527, -6.926075) (1.000000, 0.000000, 0.000000) (0.000000, 0.000000) 
(3.695000, 0.271203, -6.925432) (1.000000, 0.000000, 0.000000) (0.000000, 0.000000) 
(3.700000, 0.274940, -6.924550) (1.000000, 0.000000, 0.000000) (0.000000, 0.000000) 
(3.705000, 0.278741, -6.923427) (1.000000, 0.000000, 0.000000) (0.000000, 0.000000) 
(3.710000, 0.282607, -6.922062) (1.000000, 0.000000, 0.000000) (0.000000, 0.000000) 
(3.715000, 0.286539, -6.920455) (1.000000, 0.000000, 0.000000) (0.000000, 0.000000) 
(3.720000, 0.290538, -6.918605) (1.000000, 0.000000, 0.000000) (0.000000, 0.000000) 
(3.725000, 0.294607, -6.916510) (1.000000, 0.000000, 0.000000) (0.000000, 0.000000) 
(3.730000, 0.298747, -6.914170) (1.000000, 0.000000, 0.000000) (0.000000, 0.000000) 
(3.735000, 0.302959, -6.911585) (1.000000, 0.000000, 0.000000) (0.000000, 0.000000) 
(3.740000, 0.307244, -6.908752) (1.000000, 0.000000, 0.000000) (0.000000, 0.000000) 
(3.745000, 0.311604, -6.905673) (1.000000, 0.000000, 0.000000) (0.000000, 0.000000) 
(3.750000, 0.316039, -6.902344) (1.000000, 0.000000, 0.000000) (0.000000, 0.000000) 
(3.755000, 0.320552, -6.898766) (1.000000, 0.000000, 0.000000) (0.000000, 0.000000) 
(3.760000, 0.325143, -6.894938) (1.000000, 0.000000, 0.000000) (0.000000, 0.000000) 
(3.765000, 0.329813, -6.890859) (1.000000, 0.000000, 0.000000) (0.000000, 0.000000) 
(3.770000, 0.334563, -6.886527) (1.000000, 0.000000, 0.000000) (0.000000, 0.000000) 
(3.775000, 0.339393, -6.881943) (1.000000, 0.000000, 0.000000) (0.000000, 0.000000) 
(3.780000, 0.344305, -6.877105) (1.000000, 0.000000, 0.000000) (0.000000, 0.000000) 
(3.785000, 0.349298, -6.872013) (1.000000, 0.000000, 0.000000) (0.000000, 0.000000) 
(3.790000, 0.354374, -6.866665) (1.000000, 0.000000, 0.000000) (0.000000, 0.000000) 
(3.795000, 0.359533, -6.861061) (1.000000, 0.000000, 0.000000) (0.000000, 0.000000) 
(3.800000, 0.364775, -6.855200) (1.000000, 0.000000, 0.000000) (0.000000, 0.000000) 
(3.805000, 0.370099, -6.849081) (1.000000, 0.000000, 0.000000) (0.000000, 0.000000) 
(3.810000, 0.375507, -6.842703) (1.000000, 0.000000, 0.000000) (0.000000, 0.000000) 
(3.815000, 0.380997, -6.836065) (1.000000, 0.000000, 0.000000) (0.000000, 0.000000) 
(3.820000, 0.386569, -6.829167) (1.000000, 0.000000, 0.000000) (0.000000, 0.000000) 
(3.825000, 0.392222, -6.822007) (1.000000, 0.000000, 0.000000) (0.000000, 0.000000) 
(3.830000, 0.397957, -6.814585) (1.000000, 0.000000, 0.000000) (0.000000, 0.000000) 
(3.835000, 0.403771, -6.806900) (1.000000, 0.000000, 0.000000) (0.000000, 0.000000) 
(3.840000, 0.409664, -6.798951) (1.000000, 0.000000, 0.000000) (0.000000, 0.000000) 
(3.845000, 0.415635, -6.790736) (1.000000, 0.000000, 0.000000) (0.000000, 0.000000) 
(3.850000, 0.421680, -6.782257) (1.000000, 0.000000, 0.000000) (0.000000, 0.000000) 
(3.855000, 0.427800, -6.773510) (1.000000, 0.000000, 0.000000) (0.000000, 0.000000) 
(3.860000, 0.433992, -6.764496) (1.000000, 0.000000, 0.000000) (0.000000, 0.000000) 
(3.865000, 0.440253, -6.755213) (1.000000, 0.000000, 0.000000) (0.000000, 0.000000) 
(3.870000, 0.446582, -6.745662) (1.000000, 0.000000, 0.000000) (0.000000, 0.000000) 
(3.875000, 0.452974, -6.735840) (1.000000, 0.000000, 0.000000) (0.000000, 0.000000) 
(3.880000, 0.459427, -6.725748) (1.000000, 0.000000, 0.000000) (0.000000, 0.000000) 
(3.885000, 0.465939, -6.715383) (1.000000, 0.000000, 0.000000) (0.000000, 0.000000) 
(3.890000, 0.472504, -6.704746) (1.000000, 0.000000, 0.000000) (0.000000, 0.000000) 
(3.895000, 0.479120, -6.693835) (1.000000, 0.000000, 0.000000) (0.000000, 0.000000) 
(3.900000, 0.485781, -6.682650) (1.000000, 0.000000, 0.000000) (0.000000, 0.000000) 
(3.905000, 0.492483, -6.671190) (1.000000, 0.000000, 0.000000) (0.000000, 0.000000) 
(3.910000, 0.499222, -6.659454) (1.000000, 0.000000, 0.000000) (0.000000, 0.000000) 
(3.915000, 0.505992, -6.647440) (1.000000, 0.000000, 0.000000) (0.000000, 0.000000) 
(3.920000, 0.512787, -6.635149) (1.000000, 0.000000, 0.000000) (0.000000, 0.000000) 
(3.925000, 0.519601, -6.622579) (1.000000, 0.000000, 0.000000) (0.000000, 0.000000) 
(3.930000, 0.526428, -6.609730) (1.000000, 0.000000, 0.000000) (0.000000, 0.000000) 
(3.935000, 0.533262, -6.596600) (1.000000, 0.000000, 0.000000) (0.000000, 0.000000) 
(3.940000, 0.540094, -6.583189) (1.000000, 0.000000, 0.000000) (0.000000, 0.000000) 
(3.945000, 0.546919, -6.569495) (1.000000, 0.000000, 0.000000) (0.000000, 0.000000) 
(3.950000, 0.553726, -6.555519) (1.000000, 0.000000, 0.000000) (0.000000, 0.000000) 
(3.955000, 0.560509, -6.541259) (1.000000, 0.000000, 0.000000) (0.000000, 0.000000) 
(3.960000, 0.567258, -6.526714) (1.000000, 0.000000, 0.000000) (0.000000, 0.000000) 
(3.965000, 0.573965, -6.511883) (1.000000, 0.000000, 0.000000) (0.000000, 0.000000) 
(3.970000, 0.580619, -6.496766) (1.000000, 0.000000, 0.000000) (0.000000, 0.000000) 
(3.975000, 0.587211, -6.481362) (1.000000, 0.000000, 0.000000) (0.000000, 0.000000) 
(3.980000, 0.593729, -6.465669) (1.000000, 0.000000, 0.000000) (0.000000, 0.000000) 
(3.985000, 0.600164, -6.449688) (1.000000, 0.000000, 0.000000) (0.000000, 0.000000) 
(3.990000, 0.606503, -6.433416) (1.000000, 0.000000, 0.000000) (0.000000, 0.000000) 
(3.995000, 0.612735, -6.416854) (1.000000, 0.000000, 0.000000) (0.000000, 0.000000) 
(4.000000, 0.618847, -6.400000) (1.000000, 0.000000, 0.000000) (0.000000, 0.000000) 
(4.005000, 0.624826, -6.382853) (1.000000, 0.000000, 0.000000) (0.000000, 0.000000) 
(4.010000, 0.630660, -6.365415) (1.000000, 0.000000, 0.000000) (0.000000, 0.000000) 
(4.015000, 0.636334, -6.347681) (1.000000, 0.000000, 0.000000) (0.000000, 0.000000) 
(4.020000, 0.641834, -6.329651) (1.000000, 0.000000, 0.000000) (0.000000, 0.000000) 
(4.025000, 0.647146, -6.311326) (1.000000, 0.000000, 0.000000) (0.000000, 0.000000) 
(4.030000, 0.652255, -6.292705) (1.000000, 0.000000, 0.000000) (0.000000, 0.000000) 
(4.035000, 0.657144, -6.273785) (1.000000, 0.000000, 0.000000) (0.000000, 0.000000) 
(4.040000, 0.661799, -6.254567) (1.000000, 0.000000, 0.000000) (0.000000, 0.000000) 
(4.045000, 0.666202, -6.235049) (1.000000, 0.000000, 0.000000) (0.000000, 0.000000) 
(4.050000, 0.670337, -6.215232) (1.000000, 0.000000, 0.000000) (0.000000, 0.000000) 
(4.055000, 0.674187, -6.195113) (1.000000, 0.000000, 0.000000) (0.000000, 0.000000) 
(4.060000, 0.677733, -6.174692) (1.000000, 0.000000, 0.000000) (0.000000, 0.000000) 
(4.065000, 0.680959, -6.153968) (1.000000, 0.000000, 0.000000) (0.000000, 0.000000) 
(4.070000, 0.683845, -6.132942) (1.000000, 0.000000, 0.000000) (0.000000, 0.000000) 
(4.075000, 0.686374, -6.111609) (1.000000, 0.000000, 0.000000) (0.000000, 0.000000) 
(4.080000, 0.688525, -6.089972) (1.000000, 0.000000, 0.000000) (0.000000, 0.000000) 
(4.085000, 0.690281, -6.068027) (1.000000, 0.000000, 0.000000) (0.000000, 0.000000) 
(4.090000, 0.691620, -6.045778) (1.000000, 0.000000, 0.000000) (0.000000, 0.000000) 
(4.095000, 0.692525, -6.023219) (1.000000, 0.000000, 0.000000) (0.000000, 0.000000) 
(4.100000, 0.692974, -6.000350) (1.000000, 0.000000, 0.000000) (0.000000, 0.000000) 
(4.105000, 0.692947, -5.977172) (1.000000, 0.000000, 0.000000) (0.000000, 0.000000) 
(4.110000, 0.692425, -5.953684) (1.000000, 0.000000, 0.000000) (0.000000, 0.000000) 
(4.115000, 0.691387, -5.929886) (1.000000, 0.000000, 0.000000) (0.000000, 0.000000) 
(4.120000, 0.689813, -5.905773) (1.000000, 0.000000, 0.000000) (0.000000, 0.000000) 
(4.125000, 0.687682, -5.881348) (1.000000, 0.000000, 0.000000) (0.000000, 0.000000) 
(4.130000, 0.684974, -5.856608) (1.000000, 0.000000, 0.000000) (0.000000, 0.000000) 
(4.135000, 0.681670, -5.831555) (1.000000, 0.000000, 0.000000) (0.000000, 0.000000) 
(4.140000, 0.677748, -5.806185) (1.000000, 0.000000, 0.000000) (0.000000, 0.000000) 
(4.145000, 0.673189, -5.780498) (1.000000, 0.000000, 0.000000) (0.000000, 0.000000) 
(4.150000, 0.667974, -5.754493) (1.000000, 0.000000, 0.000000) (0.000000, 0.000000) 
(4.155000, 0.662084, -5.728173) (1.000000, 0.000000, 0.000000) (0.000000, 0.000000) 
(4.160000, 0.655498, -5.701530) (1.000000, 0.000000, 0.000000) (0.000000, 0.000000) 
(4.165000, 0.648200, -5.674568) (1.000000, 0.000000, 0.000000) (0.000000, 0.000000) 
(4.170000, 0.640172, -5.647285) (1.000000, 0.000000, 0.000000) (0.000000, 0.000000) 
(4.175000, 0.631397, -5.619682) (1.000000, 0.000000, 0.000000) (0.000000, 0.000000) 
(4.180000, 0.621857, -5.591754) (1.000000, 0.000000, 0.000000) (0.000000, 0.000000) 
(4.185000, 0.611537, -5.563503) (1.000000, 0.000000, 0.000000) (0.000000, 0.000000) 
(4.190000, 0.600424, -5.534927) (1.000000, 0.000000, 0.000000) (0.000000, 0.000000) 
(4.195000, 0.588503, -5.506029) (1.000000, 0.000000, 0.000000) (0.000000, 0.000000) 
(4.200000, 0.575759, -5.476801) (1.000000, 0.000000, 0.000000) (0.000000, 0.000000) 
(4.205000, 0.562184, -5.447247) (1.000000, 0.000000, 0.000000) (0.000000, 0.000000) 
(4.210000, 0.547765, -5.417365) (1.000000, 0.000000, 0.000000) (0.000000, 0.000000) 
(4.215000, 0.532496, -5.387156) (1.000000, 0.000000, 0.000000) (0.000000, 0.000000) 
(4.220000, 0.516365, -5.356616) (1.000000, 0.000000, 0.000000) (0.000000, 0.000000) 
(4.225000, 0.499369, -5.325745) (1.000000, 0.000000, 0.000000) (0.000000, 0.000000) 
(4.230000, 0.481502, -5.294543) (1.000000, 0.000000, 0.000000) (0.000000, 0.000000) 
(4.235000, 0.462762, -5.263008) (1.000000, 0.000000, 0.000000) (0.000000, 0.000000) 
(4.240000, 0.443150, -5.231144) (1.000000, 0.000000, 0.000000) (0.000000, 0.000000) 
(4.245000, 0.422662, -5.198943) (1.000000, 0.000000, 0.000000) (0.000000, 0.000000) 
(4.250000, 0.401305, -5.166406) (1.000000, 0.000000, 0.000000) (0.000000, 0.000000) 
(4.255000, 0.379082, -5.133534) (1.000000, 0.000000, 0.000000) (0.000000, 0.000000) 
(4.260000, 0.356004, -5.100329) (1.000000, 0.000000, 0.000000) (0.000000, 0.000000) 
(4.265000, 0.332076, -5.066783) (1.000000, 0.000000, 0.000000) (0.000000, 0.000000) 
(4.270000, 0.307312, -5.032900) (1.000000, 0.000000, 0.000000) (0.000000, 0.000000) 
(4.275000, 0.281727, -4.998677) (1.000000, 0.000000, 0.000000) (0.000000, 0.000000) 
(4.280000, 0.255341, -4.964117) (1.000000, 0.000000, 0.000000) (0.000000, 0.000000) 
(4.285000, 0.228169, -4.929214) (1.000000, 0.000000, 0.000000) (0.000000, 0.000000) 
(4.290000, 0.200236, -4.893968) (1.000000, 0.000000, 0.000000) (0.000000, 0.000000) 
(4.295000, 0.171567, -4.858380) (1.000000, 0.000000, 0.000000) (0.000000, 0.000000) 
(4.300000, 0.142196, -4.822452) (1.000000, 0.000000, 0.000000) (0.000000, 0.000000) 
(4.305000, 0.112148, -4.786177) (1.000000, 0.000000, 0.000000) (0.000000, 0.000000) 
(4.310000, 0.081459, -4.749556) (1.000000, 0.000000, 0.000000) (0.000000, 0.000000) 
(4.315000, 0.050170, -4.712589) (1.000000, 0.000000, 0.000000) (0.000000, 0.000000) 
(4.320000, 0.018324, -4.675279) (1.000000, 0.000000, 0.000000) (0.000000, 0.000000) 
(4.325000, -0.014041, -4.637618) (1.000000, 0.000000, 0.000000) (0.000000, 0.000000) 
(4.330000, -0.046873, -4.599608) (1.000000, 0.000000, 0.000000) (0.000000, 0.000000) 
(4.335000, -0.080120, -4.561249) (1.000000, 0.000000, 0.000000) (0.000000, 0.000000) 
(4.340000, -0.113726, -4.522543) (1.000000, 0.000000, 0.000000) (0.000000, 0.000000) 
(4.345000, -0.147639, -4.483482) (1.000000, 0.000000, 0.000000) (0.000000, 0.000000) 
(4.350000, -0.181793, -4.444069) (1.000000, 0.000000, 0.000000) (0.000000, 0.000000) 
(4.355000, -0.216124, -4.404304) (1.000000, 0.000000, 0.000000) (0.000000, 0.000000) 
(4.360000, -0.250565, -4.364184) (1.000000, 0.000000, 0.000000) (0.000000, 0.000000) 
(4.365000, -0.285040, -4.323714) (1.000000, 0.000000, 0.000000) (0.000000, 0.000000) 
(4.370000, -0.319481, -4.282885) (1.000000, 0.000000, 0.000000) (0.000000, 0.000000) 
(4.375000, -0.353808, -4.241699) (1.000000, 0.000000, 0.000000) (0.000000, 0.000000) 
(4.380000, -0.387940, -4.200156) (1.000000, 0.000000, 0.000000) (0.000000, 0.000000) 
(4.385000, -0.421789, -4.158259) (1.000000, 0.000000, 0.000000) (0.000000, 0.000000) 
(4.390000, -0.455278, -4.115999) (1.000000, 0.000000, 0.000000) (0.000000, 0.000000) 
(4.395000, -0.488312, -4.073380) (1.000000, 0.000000, 0.000000) (0.000000, 0.000000) 
(4.400000, -0.520801, -4.030399) (1.000000, 0.000000, 0.000000) (0.000000, 0.000000) 
(4.405000, -0.552648, -3.987062) (1.000000, 0.000000, 0.000000) (0.000000, 0.000000) 
(4.410000, -0.583764, -3.943357) (1.000000, 0.000000, 0.000000) (0.000000, 0.000000) 
(4.415000, -0.614048, -3.899290) (1.000000, 0.000000, 0.000000) (0.000000, 0.000000) 
(4.420000, -0.643400, -3.854858) (1.000000, 0.000000, 0.000000) (0.000000, 0.000000) 
(4.425000, -0.671718, -3.810066) (1.000000, 0.000000, 0.000000) (0.000000, 0.000000) 
(4.430000, -0.698905, -3.764904) (1.000000, 0.000000, 0.000000) (0.000000, 0.000000) 
(4.435000, -0.724858, -3.719374) (1.000000, 0.000000, 0.000000) (0.000000, 0.000000) 
(4.440000, -0.749473, -3.673478) (1.000000, 0.000000, 0.000000) (0.000000, 0.000000) 
(4.445000, -0.772645, -3.627217) (1.000000, 0.000000, 0.000000) (0.000000, 0.000000) 
(4.450000, -0.794278, -3.580583) (1.000000, 0.000000, 0.000000) (0.000000, 0.000000) 
(4.455000, -0.814268, -3.533579) (1.000000, 0.000000, 0.000000) (0.000000, 0.000000) 
(4.460000, -0.832514, -3.486203) (1.000000, 0.000000, 0.000000) (0.000000, 0.000000) 
(4.465000, -0.848917, -3.438461) (1.000000, 0.000000, 0.000000) (0.000000, 0.000000) 
(4.470000, -0.863384, -3.390341) (1.000000, 0.000000, 0.000000) (0.000000, 0.000000) 
(4.475000, -0.875818, -3.341847) (1.000000, 0.000000, 0.000000) (0.000000, 0.000000) 
(4.480000, -0.886130, -3.292979) (1.000000, 0.000000, 0.000000) (0.000000, 0.000000) 
(4.485000, -0.894232, -3.243736) (1.000000, 0.000000, 0.000000) (0.000000, 0.000000) 
(4.490000, -0.900041, -3.194121) (1.000000, 0.000000, 0.000000) (0.000000, 0.000000) 
(4.495000, -0.903479, -3.144125) (1.000000, 0.000000, 0.000000) (0.000000, 0.000000) 
(4.500000, -0.904472, -3.093750) (1.000000, 0.000000, 0.000000) (0.000000, 0.000000) 
(4.505000, -0.902952, -3.042997) (1.000000, 0.000000, 0.000000) (0.000000, 0.000000) 
(4.510000, -0.898859, -2.991869) (1.000000, 0.000000, 0.000000) (0.000000, 0.000000) 
(4.515000, -0.892137, -2.940356) (1.000000, 0.000000, 0.000000) (0.000000, 0.000000) 
(4.520000, -0.882739, -2.888461) (1.000000, 0.000000, 0.000000) (0.000000, 0.000000) 
(4.525000, -0.870625, -2.836184) (1.000000, 0.000000, 0.000000) (0.000000, 0.000000) 
(4.530000, -0.855765, -2.783529) (1.000000, 0.000000, 0.000000) (0.000000, 0.000000) 
(4.535000, -0.838135, -2.730485) (1.000000, 0.000000, 0.000000) (0.000000, 0.000000) 
(4.540000, -0.817723, -2.677057) (1.000000, 0.000000, 0.000000) (0.000000, 0.000000) 
(4.545000, -0.794526, -2.623243) (1.000000, 0.000000, 0.000000) (0.000000, 0.000000) 
(4.550000, -0.768554, -2.569047) (1.000000, 0.000000, 0.000000) (0.000000, 0.000000) 
(4.555000, -0.739820, -2.514459) (1.000000, 0.000000, 0.000000) (0.000000, 0.000000) 
(4.560000, -0.708357, -2.459482) (1.000000, 0.000000, 0.000000) (0.000000, 0.000000) 
(4.565000, -0.674205, -2.404117) (1.000000, 0.000000, 0.000000) (0.000000, 0.000000) 
(4.570000, -0.637422, -2.348366) (1.000000, 0.000000, 0.000000) (0.000000, 0.000000) 
(4.575000, -0.598066, -2.292220) (1.000000, 0.000000, 0.000000) (0.000000, 0.000000) 
(4.580000, -0.556219, -2.235682) (1.000000, 0.000000, 0.000000) (0.000000, 0.000000) 
(4.585000, -0.511971, -2.178751) (1.000000, 0.000000, 0.000000) (0.000000, 0.000000) 
(4.590000, -0.465431, -2.121433) (1.000000, 0.000000, 0.000000) (0.000000, 0.000000) 
(4.595000, -0.416708, -2.063715) (1.000000, 0.000000, 0.000000) (0.000000, 0.000000) 
(4.600000, -0.365935, -2.005601) (1.000000, 0.000000, 0.000000) (0.000000, 0.000000) 
(4.605000, -0.313256, -1.947092) (1.000000, 0.000000, 0.000000) (0.000000, 0.000000) 
(4.610000, -0.258827, -1.888185) (1.000000, 0.000000, 0.000000) (0.000000, 0.000000) 
(4.615000, -0.202822, -1.828887) (1.000000, 0.000000, 0.000000) (0.000000, 0.000000) 
(4.620000, -0.145411, -1.769184) (1.000000, 0.000000, 0.000000) (0.000000, 0.000000) 
(4.625000, -0.086795, -1.709082) (1.000000, 0.000000, 0.000000) (0.000000, 0.000000) 
(4.630000, -0.027179, -1.648580) (1.000000, 0.000000, 0.000000) (0.000000, 0.000000) 
(4.635000, 0.033216, -1.587682) (1.000000, 0.000000, 0.000000) (0.000000, 0.000000) 
(4.640000, 0.094173, -1.526376) (1.000000, 0.000000, 0.000000) (0.000000, 0.000000) 
(4.645000, 0.155449, -1.464667) (1.000000, 0.000000, 0.000000) (0.000000, 0.000000) 
(4.650000, 0.216798, -1.402555) (1.000000, 0.000000, 0.000000) (0.000000, 0.000000) 
(4.655000, 0.277958, -1.340044) (1.000000, 0.000000, 0.000000) (0.000000, 0.000000) 
(4.660000, 0.338678, -1.277122) (1.000000, 0.000000, 0.000000) (0.000000, 0.000000) 
(4.665000, 0.398684, -1.213793) (1.000000, 0.000000, 0.000000) (0.000000, 0.000000) 
(4.670000, 0.457702, -1.150057) (1.000000, 0.000000, 0.000000) (0.000000, 0.000000) 
(4.675000, 0.515449, -1.085919) (1.000000, 0.000000, 0.000000) (0.000000, 0.000000) 
(4.680000, 0.571654, -1.021365) (1.000000, 0.000000, 0.000000) (0.000000, 0.000000) 
(4.685000, 0.626031, -0.956402) (1.000000, 0.000000, 0.000000) (0.000000, 0.000000) 
(4.690000, 0.678297, -0.891029) (1.000000, 0.000000, 0.000000) (0.000000, 0.000000) 
(4.695000, 0.728168, -0.825250) (1.000000, 0.000000, 0.000000) (0.000000, 0.000000) 
(4.700000, 0.775377, -0.759053) (1.000000, 0.000000, 0.000000) (0.000000, 0.000000) 
(4.705000, 0.819647, -0.692442) (1.000000, 0.000000, 0.000000) (0.000000, 0.000000) 
(4.710000, 0.860715, -0.625417) (1.000000, 0.000000, 0.000000) (0.000000, 0.000000) 
(4.715000, 0.898319, -0.557983) (1.000000, 0.000000, 0.000000) (0.000000, 0.000000) 
(4.720000, 0.932222, -0.490128) (1.000000, 0.000000, 0.000000) (0.000000, 0.000000) 
(4.725000, 0.962186, -0.421855) (1.000000, 0.000000, 0.000000) (0.000000, 0.000000) 
(4.730000, 0.987992, -0.353165) (1.000000, 0.000000, 0.000000) (0.000000, 0.000000) 
(4.735000, 1.009434, -0.284063) (1.000000, 0.000000, 0.000000) (0.000000, 0.000000) 
(4.740000, 1.026331, -0.214536) (1.000000, 0.000000, 0.000000) (0.000000, 0.000000) 
(4.745000, 1.038513, -0.144588) (1.000000, 0.000000, 0.000000) (0.000000, 0.000000) 
(4.750000, 1.045837, -0.074219) (1.000000, 0.000000, 0.000000) (0.000000, 0.000000) 
(4.755000, 1.048180, -0.003428) (1.000000, 0.000000, 0.000000) (0.000000, 0.000000) 
(4.760000, 1.045444, 0.067779) (1.000000, 0.000000, 0.000000) (0.000000, 0.000000) 
(4.765000, 1.037559, 0.139416) (1.000000, 0.000000, 0.000000) (0.000000, 0.000000) 
(4.770000, 1.024480, 0.211478) (1.000000, 0.000000, 0.000000) (0.000000, 0.000000) 
(4.775000, 1.006194, 0.283965) (1.000000, 0.000000, 0.000000) (0.000000, 0.000000) 
(4.780000, 0.982718, 0.356871) (1.000000, 0.000000, 0.000000) (0.000000, 0.000000) 
(4.785000, 0.954094, 0.430211) (1.000000, 0.000000, 0.000000) (0.000000, 0.000000) 
(4.790000, 0.920404, 0.503979) (1.000000, 0.000000, 0.000000) (0.000000, 0.000000) 
(4.795000, 0.881758, 0.578176) (1.000000, 0.000000, 0.000000) (0.000000, 0.000000) 
(4.800000, 0.838307, 0.652796) (1.000000, 0.000000, 0.000000) (0.000000, 0.000000) 
(4.805000, 0.790219, 0.727853) (1.000000, 0.000000, 0.000000) (0.000000, 0.000000) 
(4.810000, 0.737712, 0.803341) (1.000000, 0.000000, 0.000000) (0.000000, 0.000000) 
(4.815000, 0.681029, 0.879262) (1.000000, 0.000000, 0.000000) (0.000000, 0.000000) 
(4.820000, 0.620455, 0.955609) (1.000000, 0.000000, 0.000000) (0.000000, 0.000000) 
(4.825000, 0.556288, 1.032396) (1.000000, 0.000000, 0.000000) (0.000000, 0.000000) 
(4.830000, 0.488876, 1.109619) (1.000000, 0.000000, 0.000000) (0.000000, 0.000000) 
(4.835000, 0.418589, 1.187277) (1.000000, 0.000000, 0.000000) (0.000000, 0.000000) 
(4.840000, 0.345835, 1.265365) (1.000000, 0.000000, 0.000000) (0.000000, 0.000000) 
(4.845000, 0.271025, 1.343897) (1.000000, 0.000000, 0.000000) (0.000000, 0.000000) 
(4.850000, 0.194617, 1.422867) (1.000000, 0.000000, 0.000000) (0.000000, 0.000000) 
(4.855000, 0.117083, 1.502277) (1.000000, 0.000000, 0.000000) (0.000000, 0.000000) 
(4.860000, 0.038923, 1.582119) (1.000000, 0.000000, 0.000000) (0.000000, 0.000000) 
(4.865000, -0.039371, 1.662409) (1.000000, 0.000000, 0.000000) (0.000000, 0.000000) 
(4.870000, -0.117268, 1.743142) (1.000000, 0.000000, 0.000000) (0.000000, 0.000000) 
(4.875000, -0.194239, 1.824316) (1.000000, 0.000000, 0.000000) (0.000000, 0.000000) 
(4.880000, -0.269746, 1.905935) (1.000000, 0.000000, 0.000000) (0.000000, 0.000000) 
(4.885000, -0.343243, 1.987989) (1.000000, 0.000000, 0.000000) (0.000000, 0.000000) 
(4.890000, -0.414206, 2.070497) (1.000000, 0.000000, 0.000000) (0.000000, 0.000000) 
(4.895000, -0.482097, 2.153451) (1.000000, 0.000000, 0.000000) (0.000000, 0.000000) 
(4.900000, -0.546395, 2.236852) (1.000000, 0.000000, 0.000000) (0.000000, 0.000000) 
(4.905000, -0.606588, 2.320692) (1.000000, 0.000000, 0.000000) (0.000000, 0.000000) 
(4.910000, -0.662202, 2.404989) (1.000000, 0.000000, 0.000000) (0.000000, 0.000000) 
(4.915000, -0.712769, 2.489736) (1.000000, 0.000000, 0.000000) (0.000000, 0.000000) 
(4.920000, -0.757853, 2.574933) (1.000000, 0.000000, 0.000000) (0.000000, 0.000000) 
(4.925000, -0.797050, 2.660573) (1.000000, 0.000000, 0.000000) (0.000000, 0.000000) 
(4.930000, -0.830003, 2.746673) (1.000000, 0.000000, 0.000000) (0.000000, 0.000000) 
(4.935000, -0.856387, 2.833226) (1.000000, 0.000000, 0.000000) (0.000000, 0.000000) 
(4.940000, -0.875924, 2.920233) (1.000000, 0.000000, 0.000000) (0.000000, 0.000000) 
(4.945000, -0.888385, 3.007686) (1.000000, 0.000000, 0.000000) (0.000000, 0.000000) 
(4.950000, -0.893597, 3.095603) (1.000000, 0.000000, 0.000000) (0.000000, 0.000000) 
(4.955000, -0.891439, 3.183976) (1.000000, 0.000000, 0.000000) (0.000000, 0.000000) 
(4.960000, -0.881852, 3.272807) (1.000000, 0.000000, 0.000000) (0.000000, 0.000000) 
(4.965000, -0.864835, 3.362087) (1.000000, 0.000000, 0.000000) (0.000000, 0.000000) 
(4.970000, -0.840450, 3.451835) (1.000000, 0.000000, 0.000000) (0.000000, 0.000000) 
(4.975000, -0.808824, 3.542043) (1.000000, 0.000000, 0.000000) (0.000000, 0.000000) 
(4.980000, -0.770148, 3.632711) (1.000000, 0.000000, 0.000000) (0.000000, 0.000000) 
(4.985000, -0.724684, 3.723832) (1.000000, 0.000000, 0.000000) (0.000000, 0.000000) 
(4.990000, -0.672744, 3.815425) (1.000000, 0.000000, 0.000000) (0.000000, 0.000000) 
(4.995000, -0.614717, 3.907480) (1.000000, 0.000000, 0.000000) (0.000000, 0.000000) 
(5.000000, -0.551049, 4.000000) (1.000000, 0.000000, 0.000000) (0.000000, 0.000000) 
